/////Level/////
1
/////Score/////
0
/////Lives/////
3
/////Enemies Left/////
0
/////Tank Pos/////
UP
5.0
14.0
/////Bullets/////
Empty
/////Enemies/////
Enemy0
DOWN
6.0
0.0
//Bullets//
Empty
Enemy1
DOWN
8.0
0.0
//Bullets//
Empty
Enemy2
DOWN
4.0
0.0
//Bullets//
Empty
Enemy3
DOWN
10.0
0.0
//Bullets//
Empty
/////Broken Bricks/////
0
1
2
3
4
5
6
7
8
9
10
11
12
13
14
15
16
17
18
19
20
21
22
23
24
25
26
27
28
29
30
31
32
33
34
35
36
37
38
39
40
41
42
43
44
45
46
47
48
49
50
/////Bricks/////
0
1
2
3
4
5
6
7
8
9
10
11
12
13
14
15
16
17
18
19
20
21
22
23
24
25
26
27
28
29
30
31
32
33
34
35
36
37
38
39
40
41
42
43
44
45
46
47
48
49
50
//////
/////Level/////
1
/////Score/////
0
/////Lives/////
3
/////Enemies Left/////
14
/////Tank Pos/////
UP
5.0
14.0
/////Bullets/////
Empty
/////Enemies/////
Enemy0
DOWN
6.0
0.04
//Bullets//
Empty
Enemy1
DOWN
8.0
0.04
//Bullets//
Empty
Enemy2
DOWN
4.0
0.04
//Bullets//
Empty
Enemy3
DOWN
10.0
0.04
//Bullets//
Empty
/////Broken Bricks/////
0
1
2
3
4
5
6
7
8
9
10
11
12
13
14
15
16
17
18
19
20
21
22
23
24
25
26
27
28
29
30
31
32
33
34
35
36
37
38
39
40
41
42
43
44
45
46
47
48
49
50
/////Bricks/////
0
1
2
3
4
5
6
7
8
9
10
11
12
13
14
15
16
17
18
19
20
21
22
23
24
25
26
27
28
29
30
31
32
33
34
35
36
37
38
39
40
41
42
43
44
45
46
47
48
49
50
//////
/////Level/////
1
/////Score/////
0
/////Lives/////
3
/////Enemies Left/////
14
/////Tank Pos/////
UP
5.0
14.0
/////Bullets/////
Empty
/////Enemies/////
Enemy0
DOWN
6.0
0.08
//Bullets//
Empty
Enemy1
DOWN
8.0
0.08
//Bullets//
Empty
Enemy2
DOWN
4.0
0.08
//Bullets//
Empty
Enemy3
DOWN
10.0
0.08
//Bullets//
Empty
/////Broken Bricks/////
0
1
2
3
4
5
6
7
8
9
10
11
12
13
14
15
16
17
18
19
20
21
22
23
24
25
26
27
28
29
30
31
32
33
34
35
36
37
38
39
40
41
42
43
44
45
46
47
48
49
50
/////Bricks/////
0
1
2
3
4
5
6
7
8
9
10
11
12
13
14
15
16
17
18
19
20
21
22
23
24
25
26
27
28
29
30
31
32
33
34
35
36
37
38
39
40
41
42
43
44
45
46
47
48
49
50
//////
/////Level/////
1
/////Score/////
0
/////Lives/////
3
/////Enemies Left/////
14
/////Tank Pos/////
UP
5.0
14.0
/////Bullets/////
Empty
/////Enemies/////
Enemy0
DOWN
6.0
0.12
//Bullets//
Empty
Enemy1
DOWN
8.0
0.12
//Bullets//
Empty
Enemy2
DOWN
4.0
0.12
//Bullets//
Empty
Enemy3
DOWN
10.0
0.12
//Bullets//
Empty
/////Broken Bricks/////
0
1
2
3
4
5
6
7
8
9
10
11
12
13
14
15
16
17
18
19
20
21
22
23
24
25
26
27
28
29
30
31
32
33
34
35
36
37
38
39
40
41
42
43
44
45
46
47
48
49
50
/////Bricks/////
0
1
2
3
4
5
6
7
8
9
10
11
12
13
14
15
16
17
18
19
20
21
22
23
24
25
26
27
28
29
30
31
32
33
34
35
36
37
38
39
40
41
42
43
44
45
46
47
48
49
50
//////
/////Level/////
1
/////Score/////
0
/////Lives/////
3
/////Enemies Left/////
14
/////Tank Pos/////
UP
5.0
14.0
/////Bullets/////
Empty
/////Enemies/////
Enemy0
DOWN
6.0
0.16
//Bullets//
Empty
Enemy1
DOWN
8.0
0.16
//Bullets//
Empty
Enemy2
DOWN
4.0
0.16
//Bullets//
Empty
Enemy3
DOWN
10.0
0.16
//Bullets//
Empty
/////Broken Bricks/////
0
1
2
3
4
5
6
7
8
9
10
11
12
13
14
15
16
17
18
19
20
21
22
23
24
25
26
27
28
29
30
31
32
33
34
35
36
37
38
39
40
41
42
43
44
45
46
47
48
49
50
/////Bricks/////
0
1
2
3
4
5
6
7
8
9
10
11
12
13
14
15
16
17
18
19
20
21
22
23
24
25
26
27
28
29
30
31
32
33
34
35
36
37
38
39
40
41
42
43
44
45
46
47
48
49
50
//////
/////Level/////
1
/////Score/////
0
/////Lives/////
3
/////Enemies Left/////
14
/////Tank Pos/////
UP
5.0
14.0
/////Bullets/////
Empty
/////Enemies/////
Enemy0
DOWN
6.0
0.2
//Bullets//
Empty
Enemy1
DOWN
8.0
0.2
//Bullets//
Empty
Enemy2
DOWN
4.0
0.2
//Bullets//
Empty
Enemy3
DOWN
10.0
0.2
//Bullets//
Empty
/////Broken Bricks/////
0
1
2
3
4
5
6
7
8
9
10
11
12
13
14
15
16
17
18
19
20
21
22
23
24
25
26
27
28
29
30
31
32
33
34
35
36
37
38
39
40
41
42
43
44
45
46
47
48
49
50
/////Bricks/////
0
1
2
3
4
5
6
7
8
9
10
11
12
13
14
15
16
17
18
19
20
21
22
23
24
25
26
27
28
29
30
31
32
33
34
35
36
37
38
39
40
41
42
43
44
45
46
47
48
49
50
//////
/////Level/////
1
/////Score/////
0
/////Lives/////
3
/////Enemies Left/////
14
/////Tank Pos/////
UP
5.0
14.0
/////Bullets/////
Empty
/////Enemies/////
Enemy0
DOWN
6.0
0.24000000000000002
//Bullets//
Empty
Enemy1
DOWN
8.0
0.24000000000000002
//Bullets//
Empty
Enemy2
DOWN
4.0
0.24000000000000002
//Bullets//
Empty
Enemy3
DOWN
10.0
0.24000000000000002
//Bullets//
Empty
/////Broken Bricks/////
0
1
2
3
4
5
6
7
8
9
10
11
12
13
14
15
16
17
18
19
20
21
22
23
24
25
26
27
28
29
30
31
32
33
34
35
36
37
38
39
40
41
42
43
44
45
46
47
48
49
50
/////Bricks/////
0
1
2
3
4
5
6
7
8
9
10
11
12
13
14
15
16
17
18
19
20
21
22
23
24
25
26
27
28
29
30
31
32
33
34
35
36
37
38
39
40
41
42
43
44
45
46
47
48
49
50
//////
/////Level/////
1
/////Score/////
0
/////Lives/////
3
/////Enemies Left/////
14
/////Tank Pos/////
UP
5.0
14.0
/////Bullets/////
Empty
/////Enemies/////
Enemy0
DOWN
6.0
0.28
//Bullets//
Empty
Enemy1
DOWN
8.0
0.28
//Bullets//
Empty
Enemy2
DOWN
4.0
0.28
//Bullets//
Empty
Enemy3
DOWN
10.0
0.28
//Bullets//
Empty
/////Broken Bricks/////
0
1
2
3
4
5
6
7
8
9
10
11
12
13
14
15
16
17
18
19
20
21
22
23
24
25
26
27
28
29
30
31
32
33
34
35
36
37
38
39
40
41
42
43
44
45
46
47
48
49
50
/////Bricks/////
0
1
2
3
4
5
6
7
8
9
10
11
12
13
14
15
16
17
18
19
20
21
22
23
24
25
26
27
28
29
30
31
32
33
34
35
36
37
38
39
40
41
42
43
44
45
46
47
48
49
50
//////
/////Level/////
1
/////Score/////
0
/////Lives/////
3
/////Enemies Left/////
14
/////Tank Pos/////
UP
5.0
14.0
/////Bullets/////
Empty
/////Enemies/////
Enemy0
DOWN
6.0
0.32
//Bullets//
Empty
Enemy1
DOWN
8.0
0.32
//Bullets//
Empty
Enemy2
DOWN
4.0
0.32
//Bullets//
Empty
Enemy3
DOWN
10.0
0.32
//Bullets//
Empty
/////Broken Bricks/////
0
1
2
3
4
5
6
7
8
9
10
11
12
13
14
15
16
17
18
19
20
21
22
23
24
25
26
27
28
29
30
31
32
33
34
35
36
37
38
39
40
41
42
43
44
45
46
47
48
49
50
/////Bricks/////
0
1
2
3
4
5
6
7
8
9
10
11
12
13
14
15
16
17
18
19
20
21
22
23
24
25
26
27
28
29
30
31
32
33
34
35
36
37
38
39
40
41
42
43
44
45
46
47
48
49
50
//////
/////Level/////
1
/////Score/////
0
/////Lives/////
3
/////Enemies Left/////
14
/////Tank Pos/////
UP
5.0
14.0
/////Bullets/////
Empty
/////Enemies/////
Enemy0
DOWN
6.0
0.36
//Bullets//
Empty
Enemy1
DOWN
8.0
0.36
//Bullets//
Empty
Enemy2
DOWN
4.0
0.36
//Bullets//
Empty
Enemy3
DOWN
10.0
0.36
//Bullets//
Empty
/////Broken Bricks/////
0
1
2
3
4
5
6
7
8
9
10
11
12
13
14
15
16
17
18
19
20
21
22
23
24
25
26
27
28
29
30
31
32
33
34
35
36
37
38
39
40
41
42
43
44
45
46
47
48
49
50
/////Bricks/////
0
1
2
3
4
5
6
7
8
9
10
11
12
13
14
15
16
17
18
19
20
21
22
23
24
25
26
27
28
29
30
31
32
33
34
35
36
37
38
39
40
41
42
43
44
45
46
47
48
49
50
//////
/////Level/////
1
/////Score/////
0
/////Lives/////
3
/////Enemies Left/////
14
/////Tank Pos/////
UP
5.0
14.0
/////Bullets/////
Empty
/////Enemies/////
Enemy0
DOWN
6.0
0.39999999999999997
//Bullets//
Empty
Enemy1
DOWN
8.0
0.39999999999999997
//Bullets//
Empty
Enemy2
DOWN
4.0
0.39999999999999997
//Bullets//
Empty
Enemy3
DOWN
10.0
0.39999999999999997
//Bullets//
Empty
/////Broken Bricks/////
0
1
2
3
4
5
6
7
8
9
10
11
12
13
14
15
16
17
18
19
20
21
22
23
24
25
26
27
28
29
30
31
32
33
34
35
36
37
38
39
40
41
42
43
44
45
46
47
48
49
50
/////Bricks/////
0
1
2
3
4
5
6
7
8
9
10
11
12
13
14
15
16
17
18
19
20
21
22
23
24
25
26
27
28
29
30
31
32
33
34
35
36
37
38
39
40
41
42
43
44
45
46
47
48
49
50
//////
/////Level/////
1
/////Score/////
0
/////Lives/////
3
/////Enemies Left/////
14
/////Tank Pos/////
UP
5.0
14.0
/////Bullets/////
Empty
/////Enemies/////
Enemy0
DOWN
6.0
0.43999999999999995
//Bullets//
Empty
Enemy1
DOWN
8.0
0.43999999999999995
//Bullets//
Empty
Enemy2
DOWN
4.0
0.43999999999999995
//Bullets//
Empty
Enemy3
DOWN
10.0
0.43999999999999995
//Bullets//
Empty
/////Broken Bricks/////
0
1
2
3
4
5
6
7
8
9
10
11
12
13
14
15
16
17
18
19
20
21
22
23
24
25
26
27
28
29
30
31
32
33
34
35
36
37
38
39
40
41
42
43
44
45
46
47
48
49
50
/////Bricks/////
0
1
2
3
4
5
6
7
8
9
10
11
12
13
14
15
16
17
18
19
20
21
22
23
24
25
26
27
28
29
30
31
32
33
34
35
36
37
38
39
40
41
42
43
44
45
46
47
48
49
50
//////
/////Level/////
1
/////Score/////
0
/////Lives/////
3
/////Enemies Left/////
14
/////Tank Pos/////
UP
5.0
14.0
/////Bullets/////
Empty
/////Enemies/////
Enemy0
DOWN
6.0
0.4799999999999999
//Bullets//
Empty
Enemy1
DOWN
8.0
0.4799999999999999
//Bullets//
Empty
Enemy2
DOWN
4.0
0.4799999999999999
//Bullets//
Empty
Enemy3
DOWN
10.0
0.4799999999999999
//Bullets//
Empty
/////Broken Bricks/////
0
1
2
3
4
5
6
7
8
9
10
11
12
13
14
15
16
17
18
19
20
21
22
23
24
25
26
27
28
29
30
31
32
33
34
35
36
37
38
39
40
41
42
43
44
45
46
47
48
49
50
/////Bricks/////
0
1
2
3
4
5
6
7
8
9
10
11
12
13
14
15
16
17
18
19
20
21
22
23
24
25
26
27
28
29
30
31
32
33
34
35
36
37
38
39
40
41
42
43
44
45
46
47
48
49
50
//////
/////Level/////
1
/////Score/////
0
/////Lives/////
3
/////Enemies Left/////
14
/////Tank Pos/////
UP
5.0
14.0
/////Bullets/////
Empty
/////Enemies/////
Enemy0
DOWN
6.0
0.5199999999999999
//Bullets//
Empty
Enemy1
DOWN
8.0
0.5199999999999999
//Bullets//
Empty
Enemy2
DOWN
4.0
0.5199999999999999
//Bullets//
Empty
Enemy3
DOWN
10.0
0.5199999999999999
//Bullets//
Empty
/////Broken Bricks/////
0
1
2
3
4
5
6
7
8
9
10
11
12
13
14
15
16
17
18
19
20
21
22
23
24
25
26
27
28
29
30
31
32
33
34
35
36
37
38
39
40
41
42
43
44
45
46
47
48
49
50
/////Bricks/////
0
1
2
3
4
5
6
7
8
9
10
11
12
13
14
15
16
17
18
19
20
21
22
23
24
25
26
27
28
29
30
31
32
33
34
35
36
37
38
39
40
41
42
43
44
45
46
47
48
49
50
//////
/////Level/////
1
/////Score/////
0
/////Lives/////
3
/////Enemies Left/////
14
/////Tank Pos/////
UP
5.0
14.0
/////Bullets/////
Empty
/////Enemies/////
Enemy0
DOWN
6.0
0.5599999999999999
//Bullets//
Empty
Enemy1
DOWN
8.0
0.5599999999999999
//Bullets//
Empty
Enemy2
DOWN
4.0
0.5599999999999999
//Bullets//
Empty
Enemy3
DOWN
10.0
0.5599999999999999
//Bullets//
Empty
/////Broken Bricks/////
0
1
2
3
4
5
6
7
8
9
10
11
12
13
14
15
16
17
18
19
20
21
22
23
24
25
26
27
28
29
30
31
32
33
34
35
36
37
38
39
40
41
42
43
44
45
46
47
48
49
50
/////Bricks/////
0
1
2
3
4
5
6
7
8
9
10
11
12
13
14
15
16
17
18
19
20
21
22
23
24
25
26
27
28
29
30
31
32
33
34
35
36
37
38
39
40
41
42
43
44
45
46
47
48
49
50
//////
/////Level/////
1
/////Score/////
0
/////Lives/////
3
/////Enemies Left/////
14
/////Tank Pos/////
UP
5.0
14.0
/////Bullets/////
Empty
/////Enemies/////
Enemy0
DOWN
6.0
0.6
//Bullets//
Empty
Enemy1
DOWN
8.0
0.6
//Bullets//
Empty
Enemy2
DOWN
4.0
0.6
//Bullets//
Empty
Enemy3
DOWN
10.0
0.6
//Bullets//
Empty
/////Broken Bricks/////
0
1
2
3
4
5
6
7
8
9
10
11
12
13
14
15
16
17
18
19
20
21
22
23
24
25
26
27
28
29
30
31
32
33
34
35
36
37
38
39
40
41
42
43
44
45
46
47
48
49
50
/////Bricks/////
0
1
2
3
4
5
6
7
8
9
10
11
12
13
14
15
16
17
18
19
20
21
22
23
24
25
26
27
28
29
30
31
32
33
34
35
36
37
38
39
40
41
42
43
44
45
46
47
48
49
50
//////
/////Level/////
1
/////Score/////
0
/////Lives/////
3
/////Enemies Left/////
14
/////Tank Pos/////
UP
5.0
14.0
/////Bullets/////
Empty
/////Enemies/////
Enemy0
DOWN
6.0
0.64
//Bullets//
Empty
Enemy1
DOWN
8.0
0.64
//Bullets//
Empty
Enemy2
DOWN
4.0
0.64
//Bullets//
Empty
Enemy3
DOWN
10.0
0.64
//Bullets//
Empty
/////Broken Bricks/////
0
1
2
3
4
5
6
7
8
9
10
11
12
13
14
15
16
17
18
19
20
21
22
23
24
25
26
27
28
29
30
31
32
33
34
35
36
37
38
39
40
41
42
43
44
45
46
47
48
49
50
/////Bricks/////
0
1
2
3
4
5
6
7
8
9
10
11
12
13
14
15
16
17
18
19
20
21
22
23
24
25
26
27
28
29
30
31
32
33
34
35
36
37
38
39
40
41
42
43
44
45
46
47
48
49
50
//////
/////Level/////
1
/////Score/////
0
/////Lives/////
3
/////Enemies Left/////
14
/////Tank Pos/////
UP
5.0
14.0
/////Bullets/////
Empty
/////Enemies/////
Enemy0
DOWN
6.0
0.68
//Bullets//
Empty
Enemy1
DOWN
8.0
0.68
//Bullets//
Empty
Enemy2
DOWN
4.0
0.68
//Bullets//
Empty
Enemy3
DOWN
10.0
0.68
//Bullets//
Empty
/////Broken Bricks/////
0
1
2
3
4
5
6
7
8
9
10
11
12
13
14
15
16
17
18
19
20
21
22
23
24
25
26
27
28
29
30
31
32
33
34
35
36
37
38
39
40
41
42
43
44
45
46
47
48
49
50
/////Bricks/////
0
1
2
3
4
5
6
7
8
9
10
11
12
13
14
15
16
17
18
19
20
21
22
23
24
25
26
27
28
29
30
31
32
33
34
35
36
37
38
39
40
41
42
43
44
45
46
47
48
49
50
//////
/////Level/////
1
/////Score/////
0
/////Lives/////
3
/////Enemies Left/////
14
/////Tank Pos/////
UP
5.0
14.0
/////Bullets/////
Empty
/////Enemies/////
Enemy0
DOWN
6.0
0.7200000000000001
//Bullets//
Empty
Enemy1
DOWN
8.0
0.7200000000000001
//Bullets//
Empty
Enemy2
DOWN
4.0
0.7200000000000001
//Bullets//
Empty
Enemy3
DOWN
10.0
0.7200000000000001
//Bullets//
Empty
/////Broken Bricks/////
0
1
2
3
4
5
6
7
8
9
10
11
12
13
14
15
16
17
18
19
20
21
22
23
24
25
26
27
28
29
30
31
32
33
34
35
36
37
38
39
40
41
42
43
44
45
46
47
48
49
50
/////Bricks/////
0
1
2
3
4
5
6
7
8
9
10
11
12
13
14
15
16
17
18
19
20
21
22
23
24
25
26
27
28
29
30
31
32
33
34
35
36
37
38
39
40
41
42
43
44
45
46
47
48
49
50
//////
/////Level/////
1
/////Score/////
0
/////Lives/////
3
/////Enemies Left/////
14
/////Tank Pos/////
UP
5.0
14.0
/////Bullets/////
Empty
/////Enemies/////
Enemy0
DOWN
6.0
0.7600000000000001
//Bullets//
Empty
Enemy1
DOWN
8.0
0.7600000000000001
//Bullets//
Empty
Enemy2
DOWN
4.0
0.7600000000000001
//Bullets//
Empty
Enemy3
DOWN
10.0
0.7600000000000001
//Bullets//
Empty
/////Broken Bricks/////
0
1
2
3
4
5
6
7
8
9
10
11
12
13
14
15
16
17
18
19
20
21
22
23
24
25
26
27
28
29
30
31
32
33
34
35
36
37
38
39
40
41
42
43
44
45
46
47
48
49
50
/////Bricks/////
0
1
2
3
4
5
6
7
8
9
10
11
12
13
14
15
16
17
18
19
20
21
22
23
24
25
26
27
28
29
30
31
32
33
34
35
36
37
38
39
40
41
42
43
44
45
46
47
48
49
50
//////
/////Level/////
1
/////Score/////
0
/////Lives/////
3
/////Enemies Left/////
14
/////Tank Pos/////
UP
5.0
14.0
/////Bullets/////
Empty
/////Enemies/////
Enemy0
DOWN
6.0
0.8000000000000002
//Bullets//
Empty
Enemy1
DOWN
8.0
0.8000000000000002
//Bullets//
Empty
Enemy2
DOWN
4.0
0.8000000000000002
//Bullets//
Empty
Enemy3
DOWN
10.0
0.8000000000000002
//Bullets//
Empty
/////Broken Bricks/////
0
1
2
3
4
5
6
7
8
9
10
11
12
13
14
15
16
17
18
19
20
21
22
23
24
25
26
27
28
29
30
31
32
33
34
35
36
37
38
39
40
41
42
43
44
45
46
47
48
49
50
/////Bricks/////
0
1
2
3
4
5
6
7
8
9
10
11
12
13
14
15
16
17
18
19
20
21
22
23
24
25
26
27
28
29
30
31
32
33
34
35
36
37
38
39
40
41
42
43
44
45
46
47
48
49
50
//////
/////Level/////
1
/////Score/////
0
/////Lives/////
3
/////Enemies Left/////
14
/////Tank Pos/////
UP
5.0
14.0
/////Bullets/////
Empty
/////Enemies/////
Enemy0
DOWN
6.0
0.8400000000000002
//Bullets//
Empty
Enemy1
DOWN
8.0
0.8400000000000002
//Bullets//
Empty
Enemy2
DOWN
4.0
0.8400000000000002
//Bullets//
Empty
Enemy3
DOWN
10.0
0.8400000000000002
//Bullets//
Empty
/////Broken Bricks/////
0
1
2
3
4
5
6
7
8
9
10
11
12
13
14
15
16
17
18
19
20
21
22
23
24
25
26
27
28
29
30
31
32
33
34
35
36
37
38
39
40
41
42
43
44
45
46
47
48
49
50
/////Bricks/////
0
1
2
3
4
5
6
7
8
9
10
11
12
13
14
15
16
17
18
19
20
21
22
23
24
25
26
27
28
29
30
31
32
33
34
35
36
37
38
39
40
41
42
43
44
45
46
47
48
49
50
//////
/////Level/////
1
/////Score/////
0
/////Lives/////
3
/////Enemies Left/////
14
/////Tank Pos/////
UP
5.0
14.0
/////Bullets/////
Empty
/////Enemies/////
Enemy0
DOWN
6.0
0.8800000000000002
//Bullets//
Empty
Enemy1
DOWN
8.0
0.8800000000000002
//Bullets//
Empty
Enemy2
DOWN
4.0
0.8800000000000002
//Bullets//
Empty
Enemy3
DOWN
10.0
0.8800000000000002
//Bullets//
Empty
/////Broken Bricks/////
0
1
2
3
4
5
6
7
8
9
10
11
12
13
14
15
16
17
18
19
20
21
22
23
24
25
26
27
28
29
30
31
32
33
34
35
36
37
38
39
40
41
42
43
44
45
46
47
48
49
50
/////Bricks/////
0
1
2
3
4
5
6
7
8
9
10
11
12
13
14
15
16
17
18
19
20
21
22
23
24
25
26
27
28
29
30
31
32
33
34
35
36
37
38
39
40
41
42
43
44
45
46
47
48
49
50
//////
/////Level/////
1
/////Score/////
0
/////Lives/////
3
/////Enemies Left/////
14
/////Tank Pos/////
UP
5.0
14.0
/////Bullets/////
Empty
/////Enemies/////
Enemy0
DOWN
6.0
0.9200000000000003
//Bullets//
Empty
Enemy1
DOWN
8.0
0.9200000000000003
//Bullets//
Empty
Enemy2
DOWN
4.0
0.9200000000000003
//Bullets//
Empty
Enemy3
DOWN
10.0
0.9200000000000003
//Bullets//
Empty
/////Broken Bricks/////
0
1
2
3
4
5
6
7
8
9
10
11
12
13
14
15
16
17
18
19
20
21
22
23
24
25
26
27
28
29
30
31
32
33
34
35
36
37
38
39
40
41
42
43
44
45
46
47
48
49
50
/////Bricks/////
0
1
2
3
4
5
6
7
8
9
10
11
12
13
14
15
16
17
18
19
20
21
22
23
24
25
26
27
28
29
30
31
32
33
34
35
36
37
38
39
40
41
42
43
44
45
46
47
48
49
50
//////
/////Level/////
1
/////Score/////
0
/////Lives/////
3
/////Enemies Left/////
14
/////Tank Pos/////
UP
5.0
14.0
/////Bullets/////
Empty
/////Enemies/////
Enemy0
DOWN
6.0
0.9600000000000003
//Bullets//
Empty
Enemy1
DOWN
8.0
0.9600000000000003
//Bullets//
Empty
Enemy2
DOWN
4.0
0.9600000000000003
//Bullets//
Empty
Enemy3
DOWN
10.0
0.9600000000000003
//Bullets//
Empty
/////Broken Bricks/////
0
1
2
3
4
5
6
7
8
9
10
11
12
13
14
15
16
17
18
19
20
21
22
23
24
25
26
27
28
29
30
31
32
33
34
35
36
37
38
39
40
41
42
43
44
45
46
47
48
49
50
/////Bricks/////
0
1
2
3
4
5
6
7
8
9
10
11
12
13
14
15
16
17
18
19
20
21
22
23
24
25
26
27
28
29
30
31
32
33
34
35
36
37
38
39
40
41
42
43
44
45
46
47
48
49
50
//////
/////Level/////
1
/////Score/////
0
/////Lives/////
3
/////Enemies Left/////
14
/////Tank Pos/////
UP
5.0
14.0
/////Bullets/////
Empty
/////Enemies/////
Enemy0
DOWN
6.0
1.0000000000000002
//Bullets//
Empty
Enemy1
DOWN
8.0
1.0000000000000002
//Bullets//
Empty
Enemy2
DOWN
4.0
1.0000000000000002
//Bullets//
Empty
Enemy3
DOWN
10.0
1.0000000000000002
//Bullets//
Empty
/////Broken Bricks/////
0
1
2
3
4
5
6
7
8
9
10
11
12
13
14
15
16
17
18
19
20
21
22
23
24
25
26
27
28
29
30
31
32
33
34
35
36
37
38
39
40
41
42
43
44
45
46
47
48
49
50
/////Bricks/////
0
1
2
3
4
5
6
7
8
9
10
11
12
13
14
15
16
17
18
19
20
21
22
23
24
25
26
27
28
29
30
31
32
33
34
35
36
37
38
39
40
41
42
43
44
45
46
47
48
49
50
//////
/////Level/////
1
/////Score/////
0
/////Lives/////
3
/////Enemies Left/////
14
/////Tank Pos/////
UP
5.0
14.0
/////Bullets/////
Empty
/////Enemies/////
Enemy0
DOWN
6.0
1.0400000000000003
//Bullets//
Empty
Enemy1
DOWN
8.0
1.0400000000000003
//Bullets//
Empty
Enemy2
DOWN
4.0
1.0400000000000003
//Bullets//
Empty
Enemy3
DOWN
10.0
1.0400000000000003
//Bullets//
Empty
/////Broken Bricks/////
0
1
2
3
4
5
6
7
8
9
10
11
12
13
14
15
16
17
18
19
20
21
22
23
24
25
26
27
28
29
30
31
32
33
34
35
36
37
38
39
40
41
42
43
44
45
46
47
48
49
50
/////Bricks/////
0
1
2
3
4
5
6
7
8
9
10
11
12
13
14
15
16
17
18
19
20
21
22
23
24
25
26
27
28
29
30
31
32
33
34
35
36
37
38
39
40
41
42
43
44
45
46
47
48
49
50
//////
/////Level/////
1
/////Score/////
0
/////Lives/////
3
/////Enemies Left/////
14
/////Tank Pos/////
UP
5.0
14.0
/////Bullets/////
Empty
/////Enemies/////
Enemy0
DOWN
6.0
1.0800000000000003
//Bullets//
Empty
Enemy1
DOWN
8.0
1.0800000000000003
//Bullets//
Empty
Enemy2
DOWN
4.0
1.0800000000000003
//Bullets//
Empty
Enemy3
DOWN
10.0
1.0800000000000003
//Bullets//
Empty
/////Broken Bricks/////
0
1
2
3
4
5
6
7
8
9
10
11
12
13
14
15
16
17
18
19
20
21
22
23
24
25
26
27
28
29
30
31
32
33
34
35
36
37
38
39
40
41
42
43
44
45
46
47
48
49
50
/////Bricks/////
0
1
2
3
4
5
6
7
8
9
10
11
12
13
14
15
16
17
18
19
20
21
22
23
24
25
26
27
28
29
30
31
32
33
34
35
36
37
38
39
40
41
42
43
44
45
46
47
48
49
50
//////
/////Level/////
1
/////Score/////
0
/////Lives/////
3
/////Enemies Left/////
14
/////Tank Pos/////
UP
5.0
14.0
/////Bullets/////
Empty
/////Enemies/////
Enemy0
DOWN
6.0
1.1200000000000003
//Bullets//
Empty
Enemy1
DOWN
8.0
1.1200000000000003
//Bullets//
Empty
Enemy2
DOWN
4.0
1.1200000000000003
//Bullets//
Empty
Enemy3
DOWN
10.0
1.1200000000000003
//Bullets//
Empty
/////Broken Bricks/////
0
1
2
3
4
5
6
7
8
9
10
11
12
13
14
15
16
17
18
19
20
21
22
23
24
25
26
27
28
29
30
31
32
33
34
35
36
37
38
39
40
41
42
43
44
45
46
47
48
49
50
/////Bricks/////
0
1
2
3
4
5
6
7
8
9
10
11
12
13
14
15
16
17
18
19
20
21
22
23
24
25
26
27
28
29
30
31
32
33
34
35
36
37
38
39
40
41
42
43
44
45
46
47
48
49
50
//////
/////Level/////
1
/////Score/////
0
/////Lives/////
3
/////Enemies Left/////
14
/////Tank Pos/////
UP
5.0
14.0
/////Bullets/////
Empty
/////Enemies/////
Enemy0
DOWN
6.0
1.1600000000000004
//Bullets//
Empty
Enemy1
DOWN
8.0
1.1600000000000004
//Bullets//
Empty
Enemy2
DOWN
4.0
1.1600000000000004
//Bullets//
Empty
Enemy3
DOWN
10.0
1.1600000000000004
//Bullets//
Empty
/////Broken Bricks/////
0
1
2
3
4
5
6
7
8
9
10
11
12
13
14
15
16
17
18
19
20
21
22
23
24
25
26
27
28
29
30
31
32
33
34
35
36
37
38
39
40
41
42
43
44
45
46
47
48
49
50
/////Bricks/////
0
1
2
3
4
5
6
7
8
9
10
11
12
13
14
15
16
17
18
19
20
21
22
23
24
25
26
27
28
29
30
31
32
33
34
35
36
37
38
39
40
41
42
43
44
45
46
47
48
49
50
//////
/////Level/////
1
/////Score/////
0
/////Lives/////
3
/////Enemies Left/////
14
/////Tank Pos/////
UP
5.0
14.0
/////Bullets/////
Empty
/////Enemies/////
Enemy0
DOWN
6.0
1.2000000000000004
//Bullets//
Empty
Enemy1
DOWN
8.0
1.2000000000000004
//Bullets//
Empty
Enemy2
DOWN
4.0
1.2000000000000004
//Bullets//
Empty
Enemy3
DOWN
10.0
1.2000000000000004
//Bullets//
Empty
/////Broken Bricks/////
0
1
2
3
4
5
6
7
8
9
10
11
12
13
14
15
16
17
18
19
20
21
22
23
24
25
26
27
28
29
30
31
32
33
34
35
36
37
38
39
40
41
42
43
44
45
46
47
48
49
50
/////Bricks/////
0
1
2
3
4
5
6
7
8
9
10
11
12
13
14
15
16
17
18
19
20
21
22
23
24
25
26
27
28
29
30
31
32
33
34
35
36
37
38
39
40
41
42
43
44
45
46
47
48
49
50
//////
/////Level/////
1
/////Score/////
0
/////Lives/////
3
/////Enemies Left/////
14
/////Tank Pos/////
UP
5.0
14.0
/////Bullets/////
Empty
/////Enemies/////
Enemy0
DOWN
6.0
1.2400000000000004
//Bullets//
Empty
Enemy1
DOWN
8.0
1.2400000000000004
//Bullets//
Empty
Enemy2
DOWN
4.0
1.2400000000000004
//Bullets//
Empty
Enemy3
DOWN
10.0
1.2400000000000004
//Bullets//
Empty
/////Broken Bricks/////
0
1
2
3
4
5
6
7
8
9
10
11
12
13
14
15
16
17
18
19
20
21
22
23
24
25
26
27
28
29
30
31
32
33
34
35
36
37
38
39
40
41
42
43
44
45
46
47
48
49
50
/////Bricks/////
0
1
2
3
4
5
6
7
8
9
10
11
12
13
14
15
16
17
18
19
20
21
22
23
24
25
26
27
28
29
30
31
32
33
34
35
36
37
38
39
40
41
42
43
44
45
46
47
48
49
50
//////
/////Level/////
1
/////Score/////
0
/////Lives/////
3
/////Enemies Left/////
14
/////Tank Pos/////
UP
5.0
14.0
/////Bullets/////
Empty
/////Enemies/////
Enemy0
UP
6.0
1.2400000000000004
//Bullets//
Empty
Enemy1
LEFT
8.0
1.2400000000000004
//Bullets//
Empty
Enemy2
DOWN
4.0
1.2800000000000005
//Bullets//
Empty
Enemy3
DOWN
10.0
1.2800000000000005
//Bullets//
Empty
/////Broken Bricks/////
0
1
2
3
4
5
6
7
8
9
10
11
12
13
14
15
16
17
18
19
20
21
22
23
24
25
26
27
28
29
30
31
32
33
34
35
36
37
38
39
40
41
42
43
44
45
46
47
48
49
50
/////Bricks/////
0
1
2
3
4
5
6
7
8
9
10
11
12
13
14
15
16
17
18
19
20
21
22
23
24
25
26
27
28
29
30
31
32
33
34
35
36
37
38
39
40
41
42
43
44
45
46
47
48
49
50
//////
/////Level/////
1
/////Score/////
0
/////Lives/////
3
/////Enemies Left/////
14
/////Tank Pos/////
UP
5.0
14.0
/////Bullets/////
Empty
/////Enemies/////
Enemy0
UP
6.0
1.2000000000000004
//Bullets//
Empty
Enemy1
LEFT
7.96
1.2400000000000004
//Bullets//
Empty
Enemy2
DOWN
4.0
1.3200000000000005
//Bullets//
Empty
Enemy3
DOWN
10.0
1.3200000000000005
//Bullets//
Empty
/////Broken Bricks/////
0
1
2
3
4
5
6
7
8
9
10
11
12
13
14
15
16
17
18
19
20
21
22
23
24
25
26
27
28
29
30
31
32
33
34
35
36
37
38
39
40
41
42
43
44
45
46
47
48
49
50
/////Bricks/////
0
1
2
3
4
5
6
7
8
9
10
11
12
13
14
15
16
17
18
19
20
21
22
23
24
25
26
27
28
29
30
31
32
33
34
35
36
37
38
39
40
41
42
43
44
45
46
47
48
49
50
//////
/////Level/////
1
/////Score/////
0
/////Lives/////
3
/////Enemies Left/////
14
/////Tank Pos/////
UP
5.0
14.0
/////Bullets/////
Empty
/////Enemies/////
Enemy0
UP
6.0
1.1600000000000004
//Bullets//
Empty
Enemy1
LEFT
7.92
1.2400000000000004
//Bullets//
Empty
Enemy2
DOWN
4.0
1.3600000000000005
//Bullets//
Empty
Enemy3
DOWN
10.0
1.3600000000000005
//Bullets//
Empty
/////Broken Bricks/////
0
1
2
3
4
5
6
7
8
9
10
11
12
13
14
15
16
17
18
19
20
21
22
23
24
25
26
27
28
29
30
31
32
33
34
35
36
37
38
39
40
41
42
43
44
45
46
47
48
49
50
/////Bricks/////
0
1
2
3
4
5
6
7
8
9
10
11
12
13
14
15
16
17
18
19
20
21
22
23
24
25
26
27
28
29
30
31
32
33
34
35
36
37
38
39
40
41
42
43
44
45
46
47
48
49
50
//////
/////Level/////
1
/////Score/////
0
/////Lives/////
3
/////Enemies Left/////
14
/////Tank Pos/////
UP
5.0
14.0
/////Bullets/////
Empty
/////Enemies/////
Enemy0
UP
6.0
1.1200000000000003
//Bullets//
Empty
Enemy1
LEFT
7.88
1.2400000000000004
//Bullets//
Empty
Enemy2
DOWN
4.0
1.4000000000000006
//Bullets//
Empty
Enemy3
DOWN
10.0
1.4000000000000006
//Bullets//
Empty
/////Broken Bricks/////
0
1
2
3
4
5
6
7
8
9
10
11
12
13
14
15
16
17
18
19
20
21
22
23
24
25
26
27
28
29
30
31
32
33
34
35
36
37
38
39
40
41
42
43
44
45
46
47
48
49
50
/////Bricks/////
0
1
2
3
4
5
6
7
8
9
10
11
12
13
14
15
16
17
18
19
20
21
22
23
24
25
26
27
28
29
30
31
32
33
34
35
36
37
38
39
40
41
42
43
44
45
46
47
48
49
50
//////
/////Level/////
1
/////Score/////
0
/////Lives/////
3
/////Enemies Left/////
14
/////Tank Pos/////
UP
5.0
14.0
/////Bullets/////
Empty
/////Enemies/////
Enemy0
UP
6.0
1.0800000000000003
//Bullets//
Empty
Enemy1
LEFT
7.84
1.2400000000000004
//Bullets//
Empty
Enemy2
DOWN
4.0
1.4400000000000006
//Bullets//
Empty
Enemy3
DOWN
10.0
1.4400000000000006
//Bullets//
Empty
/////Broken Bricks/////
0
1
2
3
4
5
6
7
8
9
10
11
12
13
14
15
16
17
18
19
20
21
22
23
24
25
26
27
28
29
30
31
32
33
34
35
36
37
38
39
40
41
42
43
44
45
46
47
48
49
50
/////Bricks/////
0
1
2
3
4
5
6
7
8
9
10
11
12
13
14
15
16
17
18
19
20
21
22
23
24
25
26
27
28
29
30
31
32
33
34
35
36
37
38
39
40
41
42
43
44
45
46
47
48
49
50
//////
/////Level/////
1
/////Score/////
0
/////Lives/////
3
/////Enemies Left/////
14
/////Tank Pos/////
UP
5.0
14.0
/////Bullets/////
Empty
/////Enemies/////
Enemy0
UP
6.0
1.0400000000000003
//Bullets//
Empty
Enemy1
LEFT
7.8
1.2400000000000004
//Bullets//
Empty
Enemy2
DOWN
4.0
1.4800000000000006
//Bullets//
Empty
Enemy3
DOWN
10.0
1.4800000000000006
//Bullets//
Empty
/////Broken Bricks/////
0
1
2
3
4
5
6
7
8
9
10
11
12
13
14
15
16
17
18
19
20
21
22
23
24
25
26
27
28
29
30
31
32
33
34
35
36
37
38
39
40
41
42
43
44
45
46
47
48
49
50
/////Bricks/////
0
1
2
3
4
5
6
7
8
9
10
11
12
13
14
15
16
17
18
19
20
21
22
23
24
25
26
27
28
29
30
31
32
33
34
35
36
37
38
39
40
41
42
43
44
45
46
47
48
49
50
//////
/////Level/////
1
/////Score/////
0
/////Lives/////
3
/////Enemies Left/////
14
/////Tank Pos/////
UP
5.0
14.0
/////Bullets/////
Empty
/////Enemies/////
Enemy0
UP
6.0
1.0000000000000002
//Bullets//
Empty
Enemy1
LEFT
7.76
1.2400000000000004
//Bullets//
Empty
Enemy2
DOWN
4.0
1.5200000000000007
//Bullets//
Empty
Enemy3
DOWN
10.0
1.5200000000000007
//Bullets//
Empty
/////Broken Bricks/////
0
1
2
3
4
5
6
7
8
9
10
11
12
13
14
15
16
17
18
19
20
21
22
23
24
25
26
27
28
29
30
31
32
33
34
35
36
37
38
39
40
41
42
43
44
45
46
47
48
49
50
/////Bricks/////
0
1
2
3
4
5
6
7
8
9
10
11
12
13
14
15
16
17
18
19
20
21
22
23
24
25
26
27
28
29
30
31
32
33
34
35
36
37
38
39
40
41
42
43
44
45
46
47
48
49
50
//////
/////Level/////
1
/////Score/////
0
/////Lives/////
3
/////Enemies Left/////
14
/////Tank Pos/////
UP
5.0
14.0
/////Bullets/////
Empty
/////Enemies/////
Enemy0
UP
6.0
0.9600000000000002
//Bullets//
Empty
Enemy1
LEFT
7.72
1.2400000000000004
//Bullets//
Empty
Enemy2
DOWN
4.0
1.5600000000000007
//Bullets//
Empty
Enemy3
DOWN
10.0
1.5600000000000007
//Bullets//
Empty
/////Broken Bricks/////
0
1
2
3
4
5
6
7
8
9
10
11
12
13
14
15
16
17
18
19
20
21
22
23
24
25
26
27
28
29
30
31
32
33
34
35
36
37
38
39
40
41
42
43
44
45
46
47
48
49
50
/////Bricks/////
0
1
2
3
4
5
6
7
8
9
10
11
12
13
14
15
16
17
18
19
20
21
22
23
24
25
26
27
28
29
30
31
32
33
34
35
36
37
38
39
40
41
42
43
44
45
46
47
48
49
50
//////
/////Level/////
1
/////Score/////
0
/////Lives/////
3
/////Enemies Left/////
14
/////Tank Pos/////
UP
5.0
14.0
/////Bullets/////
Empty
/////Enemies/////
Enemy0
UP
6.0
0.9200000000000002
//Bullets//
Empty
Enemy1
LEFT
7.68
1.2400000000000004
//Bullets//
Empty
Enemy2
DOWN
4.0
1.6000000000000008
//Bullets//
Empty
Enemy3
DOWN
10.0
1.6000000000000008
//Bullets//
Empty
/////Broken Bricks/////
0
1
2
3
4
5
6
7
8
9
10
11
12
13
14
15
16
17
18
19
20
21
22
23
24
25
26
27
28
29
30
31
32
33
34
35
36
37
38
39
40
41
42
43
44
45
46
47
48
49
50
/////Bricks/////
0
1
2
3
4
5
6
7
8
9
10
11
12
13
14
15
16
17
18
19
20
21
22
23
24
25
26
27
28
29
30
31
32
33
34
35
36
37
38
39
40
41
42
43
44
45
46
47
48
49
50
//////
/////Level/////
1
/////Score/////
0
/////Lives/////
3
/////Enemies Left/////
14
/////Tank Pos/////
UP
5.0
14.0
/////Bullets/////
Empty
/////Enemies/////
Enemy0
UP
6.0
0.8800000000000001
//Bullets//
Empty
Enemy1
LEFT
7.64
1.2400000000000004
//Bullets//
Empty
Enemy2
DOWN
4.0
1.6400000000000008
//Bullets//
Empty
Enemy3
DOWN
10.0
1.6400000000000008
//Bullets//
Empty
/////Broken Bricks/////
0
1
2
3
4
5
6
7
8
9
10
11
12
13
14
15
16
17
18
19
20
21
22
23
24
25
26
27
28
29
30
31
32
33
34
35
36
37
38
39
40
41
42
43
44
45
46
47
48
49
50
/////Bricks/////
0
1
2
3
4
5
6
7
8
9
10
11
12
13
14
15
16
17
18
19
20
21
22
23
24
25
26
27
28
29
30
31
32
33
34
35
36
37
38
39
40
41
42
43
44
45
46
47
48
49
50
//////
/////Level/////
1
/////Score/////
0
/////Lives/////
3
/////Enemies Left/////
14
/////Tank Pos/////
UP
5.0
14.0
/////Bullets/////
Empty
/////Enemies/////
Enemy0
UP
6.0
0.8400000000000001
//Bullets//
Empty
Enemy1
LEFT
7.6
1.2400000000000004
//Bullets//
Empty
Enemy2
DOWN
4.0
1.6800000000000008
//Bullets//
Empty
Enemy3
DOWN
10.0
1.6800000000000008
//Bullets//
Empty
/////Broken Bricks/////
0
1
2
3
4
5
6
7
8
9
10
11
12
13
14
15
16
17
18
19
20
21
22
23
24
25
26
27
28
29
30
31
32
33
34
35
36
37
38
39
40
41
42
43
44
45
46
47
48
49
50
/////Bricks/////
0
1
2
3
4
5
6
7
8
9
10
11
12
13
14
15
16
17
18
19
20
21
22
23
24
25
26
27
28
29
30
31
32
33
34
35
36
37
38
39
40
41
42
43
44
45
46
47
48
49
50
//////
/////Level/////
1
/////Score/////
0
/////Lives/////
3
/////Enemies Left/////
14
/////Tank Pos/////
UP
5.0
14.0
/////Bullets/////
Empty
/////Enemies/////
Enemy0
UP
6.0
0.8
//Bullets//
Empty
Enemy1
LEFT
7.56
1.2400000000000004
//Bullets//
Empty
Enemy2
DOWN
4.0
1.7200000000000009
//Bullets//
Empty
Enemy3
DOWN
10.0
1.7200000000000009
//Bullets//
Empty
/////Broken Bricks/////
0
1
2
3
4
5
6
7
8
9
10
11
12
13
14
15
16
17
18
19
20
21
22
23
24
25
26
27
28
29
30
31
32
33
34
35
36
37
38
39
40
41
42
43
44
45
46
47
48
49
50
/////Bricks/////
0
1
2
3
4
5
6
7
8
9
10
11
12
13
14
15
16
17
18
19
20
21
22
23
24
25
26
27
28
29
30
31
32
33
34
35
36
37
38
39
40
41
42
43
44
45
46
47
48
49
50
//////
/////Level/////
1
/////Score/////
0
/////Lives/////
3
/////Enemies Left/////
14
/////Tank Pos/////
UP
5.0
14.0
/////Bullets/////
Empty
/////Enemies/////
Enemy0
UP
6.0
0.76
//Bullets//
Empty
Enemy1
LEFT
7.52
1.2400000000000004
//Bullets//
Empty
Enemy2
DOWN
4.0
1.760000000000001
//Bullets//
Empty
Enemy3
DOWN
10.0
1.760000000000001
//Bullets//
Empty
/////Broken Bricks/////
0
1
2
3
4
5
6
7
8
9
10
11
12
13
14
15
16
17
18
19
20
21
22
23
24
25
26
27
28
29
30
31
32
33
34
35
36
37
38
39
40
41
42
43
44
45
46
47
48
49
50
/////Bricks/////
0
1
2
3
4
5
6
7
8
9
10
11
12
13
14
15
16
17
18
19
20
21
22
23
24
25
26
27
28
29
30
31
32
33
34
35
36
37
38
39
40
41
42
43
44
45
46
47
48
49
50
//////
/////Level/////
1
/////Score/////
0
/////Lives/////
3
/////Enemies Left/////
14
/////Tank Pos/////
UP
5.0
14.0
/////Bullets/////
Empty
/////Enemies/////
Enemy0
UP
6.0
0.72
//Bullets//
Empty
Enemy1
LEFT
7.4799999999999995
1.2400000000000004
//Bullets//
Empty
Enemy2
DOWN
4.0
1.800000000000001
//Bullets//
Empty
Enemy3
DOWN
10.0
1.800000000000001
//Bullets//
Empty
/////Broken Bricks/////
0
1
2
3
4
5
6
7
8
9
10
11
12
13
14
15
16
17
18
19
20
21
22
23
24
25
26
27
28
29
30
31
32
33
34
35
36
37
38
39
40
41
42
43
44
45
46
47
48
49
50
/////Bricks/////
0
1
2
3
4
5
6
7
8
9
10
11
12
13
14
15
16
17
18
19
20
21
22
23
24
25
26
27
28
29
30
31
32
33
34
35
36
37
38
39
40
41
42
43
44
45
46
47
48
49
50
//////
/////Level/////
1
/////Score/////
0
/////Lives/////
3
/////Enemies Left/////
14
/////Tank Pos/////
UP
5.0
14.0
/////Bullets/////
Empty
/////Enemies/////
Enemy0
UP
6.0
0.6799999999999999
//Bullets//
Empty
Enemy1
LEFT
7.4399999999999995
1.2400000000000004
//Bullets//
Empty
Enemy2
DOWN
4.0
1.840000000000001
//Bullets//
Empty
Enemy3
DOWN
10.0
1.840000000000001
//Bullets//
Empty
/////Broken Bricks/////
0
1
2
3
4
5
6
7
8
9
10
11
12
13
14
15
16
17
18
19
20
21
22
23
24
25
26
27
28
29
30
31
32
33
34
35
36
37
38
39
40
41
42
43
44
45
46
47
48
49
50
/////Bricks/////
0
1
2
3
4
5
6
7
8
9
10
11
12
13
14
15
16
17
18
19
20
21
22
23
24
25
26
27
28
29
30
31
32
33
34
35
36
37
38
39
40
41
42
43
44
45
46
47
48
49
50
//////
/////Level/////
1
/////Score/////
0
/////Lives/////
3
/////Enemies Left/////
14
/////Tank Pos/////
UP
5.0
14.0
/////Bullets/////
Empty
/////Enemies/////
Enemy0
UP
6.0
0.6399999999999999
//Bullets//
Empty
Enemy1
LEFT
7.3999999999999995
1.2400000000000004
//Bullets//
Empty
Enemy2
DOWN
4.0
1.880000000000001
//Bullets//
Empty
Enemy3
DOWN
10.0
1.880000000000001
//Bullets//
Empty
/////Broken Bricks/////
0
1
2
3
4
5
6
7
8
9
10
11
12
13
14
15
16
17
18
19
20
21
22
23
24
25
26
27
28
29
30
31
32
33
34
35
36
37
38
39
40
41
42
43
44
45
46
47
48
49
50
/////Bricks/////
0
1
2
3
4
5
6
7
8
9
10
11
12
13
14
15
16
17
18
19
20
21
22
23
24
25
26
27
28
29
30
31
32
33
34
35
36
37
38
39
40
41
42
43
44
45
46
47
48
49
50
//////
/////Level/////
1
/////Score/////
0
/////Lives/////
3
/////Enemies Left/////
14
/////Tank Pos/////
UP
5.0
14.0
/////Bullets/////
Empty
/////Enemies/////
Enemy0
UP
6.0
0.5999999999999999
//Bullets//
Empty
Enemy1
LEFT
7.359999999999999
1.2400000000000004
//Bullets//
Empty
Enemy2
DOWN
4.0
1.920000000000001
//Bullets//
Empty
Enemy3
DOWN
10.0
1.920000000000001
//Bullets//
Empty
/////Broken Bricks/////
0
1
2
3
4
5
6
7
8
9
10
11
12
13
14
15
16
17
18
19
20
21
22
23
24
25
26
27
28
29
30
31
32
33
34
35
36
37
38
39
40
41
42
43
44
45
46
47
48
49
50
/////Bricks/////
0
1
2
3
4
5
6
7
8
9
10
11
12
13
14
15
16
17
18
19
20
21
22
23
24
25
26
27
28
29
30
31
32
33
34
35
36
37
38
39
40
41
42
43
44
45
46
47
48
49
50
//////
/////Level/////
1
/////Score/////
0
/////Lives/////
3
/////Enemies Left/////
14
/////Tank Pos/////
UP
5.0
14.0
/////Bullets/////
Empty
/////Enemies/////
Enemy0
UP
6.0
0.5599999999999998
//Bullets//
Empty
Enemy1
LEFT
7.319999999999999
1.2400000000000004
//Bullets//
Empty
Enemy2
DOWN
4.0
1.960000000000001
//Bullets//
Empty
Enemy3
DOWN
10.0
1.960000000000001
//Bullets//
Empty
/////Broken Bricks/////
0
1
2
3
4
5
6
7
8
9
10
11
12
13
14
15
16
17
18
19
20
21
22
23
24
25
26
27
28
29
30
31
32
33
34
35
36
37
38
39
40
41
42
43
44
45
46
47
48
49
50
/////Bricks/////
0
1
2
3
4
5
6
7
8
9
10
11
12
13
14
15
16
17
18
19
20
21
22
23
24
25
26
27
28
29
30
31
32
33
34
35
36
37
38
39
40
41
42
43
44
45
46
47
48
49
50
//////
/////Level/////
1
/////Score/////
0
/////Lives/////
3
/////Enemies Left/////
14
/////Tank Pos/////
UP
5.0
14.0
/////Bullets/////
Empty
/////Enemies/////
Enemy0
UP
6.0
0.5199999999999998
//Bullets//
Empty
Enemy1
LEFT
7.279999999999999
1.2400000000000004
//Bullets//
Empty
Enemy2
DOWN
4.0
2.000000000000001
//Bullets//
Empty
Enemy3
DOWN
10.0
2.000000000000001
//Bullets//
Empty
/////Broken Bricks/////
0
1
2
3
4
5
6
7
8
9
10
11
12
13
14
15
16
17
18
19
20
21
22
23
24
25
26
27
28
29
30
31
32
33
34
35
36
37
38
39
40
41
42
43
44
45
46
47
48
49
50
/////Bricks/////
0
1
2
3
4
5
6
7
8
9
10
11
12
13
14
15
16
17
18
19
20
21
22
23
24
25
26
27
28
29
30
31
32
33
34
35
36
37
38
39
40
41
42
43
44
45
46
47
48
49
50
//////
/////Level/////
1
/////Score/////
0
/////Lives/////
3
/////Enemies Left/////
14
/////Tank Pos/////
UP
5.0
14.0
/////Bullets/////
Empty
/////Enemies/////
Enemy0
UP
6.0
0.4799999999999998
//Bullets//
Empty
Enemy1
LEFT
7.239999999999999
1.2400000000000004
//Bullets//
Empty
Enemy2
DOWN
4.0
2.040000000000001
//Bullets//
Empty
Enemy3
DOWN
10.0
2.040000000000001
//Bullets//
Empty
/////Broken Bricks/////
0
1
2
3
4
5
6
7
8
9
10
11
12
13
14
15
16
17
18
19
20
21
22
23
24
25
26
27
28
29
30
31
32
33
34
35
36
37
38
39
40
41
42
43
44
45
46
47
48
49
50
/////Bricks/////
0
1
2
3
4
5
6
7
8
9
10
11
12
13
14
15
16
17
18
19
20
21
22
23
24
25
26
27
28
29
30
31
32
33
34
35
36
37
38
39
40
41
42
43
44
45
46
47
48
49
50
//////
/////Level/////
1
/////Score/////
0
/////Lives/////
3
/////Enemies Left/////
14
/////Tank Pos/////
UP
5.0
14.0
/////Bullets/////
Empty
/////Enemies/////
Enemy0
UP
6.0
0.43999999999999984
//Bullets//
Empty
Enemy1
LEFT
7.199999999999999
1.2400000000000004
//Bullets//
Empty
Enemy2
DOWN
4.0
2.080000000000001
//Bullets//
Empty
Enemy3
DOWN
10.0
2.080000000000001
//Bullets//
Empty
/////Broken Bricks/////
0
1
2
3
4
5
6
7
8
9
10
11
12
13
14
15
16
17
18
19
20
21
22
23
24
25
26
27
28
29
30
31
32
33
34
35
36
37
38
39
40
41
42
43
44
45
46
47
48
49
50
/////Bricks/////
0
1
2
3
4
5
6
7
8
9
10
11
12
13
14
15
16
17
18
19
20
21
22
23
24
25
26
27
28
29
30
31
32
33
34
35
36
37
38
39
40
41
42
43
44
45
46
47
48
49
50
//////
/////Level/////
1
/////Score/////
0
/////Lives/////
3
/////Enemies Left/////
14
/////Tank Pos/////
UP
5.0
14.0
/////Bullets/////
Empty
/////Enemies/////
Enemy0
UP
6.0
0.39999999999999986
//Bullets//
Empty
Enemy1
LEFT
7.159999999999999
1.2400000000000004
//Bullets//
Empty
Enemy2
DOWN
4.0
2.120000000000001
//Bullets//
Empty
Enemy3
DOWN
10.0
2.120000000000001
//Bullets//
Empty
/////Broken Bricks/////
0
1
2
3
4
5
6
7
8
9
10
11
12
13
14
15
16
17
18
19
20
21
22
23
24
25
26
27
28
29
30
31
32
33
34
35
36
37
38
39
40
41
42
43
44
45
46
47
48
49
50
/////Bricks/////
0
1
2
3
4
5
6
7
8
9
10
11
12
13
14
15
16
17
18
19
20
21
22
23
24
25
26
27
28
29
30
31
32
33
34
35
36
37
38
39
40
41
42
43
44
45
46
47
48
49
50
//////
/////Level/////
1
/////Score/////
0
/////Lives/////
3
/////Enemies Left/////
14
/////Tank Pos/////
UP
5.0
14.0
/////Bullets/////
Empty
/////Enemies/////
Enemy0
UP
6.0
0.3599999999999999
//Bullets//
Empty
Enemy1
LEFT
7.119999999999999
1.2400000000000004
//Bullets//
Empty
Enemy2
DOWN
4.0
2.160000000000001
//Bullets//
Empty
Enemy3
DOWN
10.0
2.160000000000001
//Bullets//
Empty
/////Broken Bricks/////
0
1
2
3
4
5
6
7
8
9
10
11
12
13
14
15
16
17
18
19
20
21
22
23
24
25
26
27
28
29
30
31
32
33
34
35
36
37
38
39
40
41
42
43
44
45
46
47
48
49
50
/////Bricks/////
0
1
2
3
4
5
6
7
8
9
10
11
12
13
14
15
16
17
18
19
20
21
22
23
24
25
26
27
28
29
30
31
32
33
34
35
36
37
38
39
40
41
42
43
44
45
46
47
48
49
50
//////
/////Level/////
1
/////Score/////
0
/////Lives/////
3
/////Enemies Left/////
14
/////Tank Pos/////
UP
5.0
14.0
/////Bullets/////
Empty
/////Enemies/////
Enemy0
UP
6.0
0.3199999999999999
//Bullets//
Empty
Enemy1
LEFT
7.079999999999999
1.2400000000000004
//Bullets//
Empty
Enemy2
DOWN
4.0
2.200000000000001
//Bullets//
Empty
Enemy3
DOWN
10.0
2.200000000000001
//Bullets//
Empty
/////Broken Bricks/////
0
1
2
3
4
5
6
7
8
9
10
11
12
13
14
15
16
17
18
19
20
21
22
23
24
25
26
27
28
29
30
31
32
33
34
35
36
37
38
39
40
41
42
43
44
45
46
47
48
49
50
/////Bricks/////
0
1
2
3
4
5
6
7
8
9
10
11
12
13
14
15
16
17
18
19
20
21
22
23
24
25
26
27
28
29
30
31
32
33
34
35
36
37
38
39
40
41
42
43
44
45
46
47
48
49
50
//////
/////Level/////
1
/////Score/////
0
/////Lives/////
3
/////Enemies Left/////
14
/////Tank Pos/////
UP
5.0
14.0
/////Bullets/////
Empty
/////Enemies/////
Enemy0
UP
6.0
0.2799999999999999
//Bullets//
Empty
Enemy1
LEFT
7.039999999999999
1.2400000000000004
//Bullets//
Empty
Enemy2
DOWN
4.0
2.240000000000001
//Bullets//
Empty
Enemy3
DOWN
10.0
2.240000000000001
//Bullets//
Empty
/////Broken Bricks/////
0
1
2
3
4
5
6
7
8
9
10
11
12
13
14
15
16
17
18
19
20
21
22
23
24
25
26
27
28
29
30
31
32
33
34
35
36
37
38
39
40
41
42
43
44
45
46
47
48
49
50
/////Bricks/////
0
1
2
3
4
5
6
7
8
9
10
11
12
13
14
15
16
17
18
19
20
21
22
23
24
25
26
27
28
29
30
31
32
33
34
35
36
37
38
39
40
41
42
43
44
45
46
47
48
49
50
//////
/////Level/////
1
/////Score/////
0
/////Lives/////
3
/////Enemies Left/////
14
/////Tank Pos/////
UP
5.0
14.0
/////Bullets/////
Empty
/////Enemies/////
Enemy0
UP
6.0
0.2399999999999999
//Bullets//
Empty
Enemy1
LEFT
6.999999999999999
1.2400000000000004
//Bullets//
Empty
Enemy2
DOWN
4.0
2.280000000000001
//Bullets//
Empty
Enemy3
DOWN
10.0
2.280000000000001
//Bullets//
Empty
/////Broken Bricks/////
0
1
2
3
4
5
6
7
8
9
10
11
12
13
14
15
16
17
18
19
20
21
22
23
24
25
26
27
28
29
30
31
32
33
34
35
36
37
38
39
40
41
42
43
44
45
46
47
48
49
50
/////Bricks/////
0
1
2
3
4
5
6
7
8
9
10
11
12
13
14
15
16
17
18
19
20
21
22
23
24
25
26
27
28
29
30
31
32
33
34
35
36
37
38
39
40
41
42
43
44
45
46
47
48
49
50
//////
/////Level/////
1
/////Score/////
0
/////Lives/////
3
/////Enemies Left/////
14
/////Tank Pos/////
UP
5.0
14.0
/////Bullets/////
Empty
/////Enemies/////
Enemy0
UP
6.0
0.1999999999999999
//Bullets//
Empty
Enemy1
LEFT
6.959999999999999
1.2400000000000004
//Bullets//
Empty
Enemy2
DOWN
4.0
2.320000000000001
//Bullets//
Empty
Enemy3
DOWN
10.0
2.320000000000001
//Bullets//
Empty
/////Broken Bricks/////
0
1
2
3
4
5
6
7
8
9
10
11
12
13
14
15
16
17
18
19
20
21
22
23
24
25
26
27
28
29
30
31
32
33
34
35
36
37
38
39
40
41
42
43
44
45
46
47
48
49
50
/////Bricks/////
0
1
2
3
4
5
6
7
8
9
10
11
12
13
14
15
16
17
18
19
20
21
22
23
24
25
26
27
28
29
30
31
32
33
34
35
36
37
38
39
40
41
42
43
44
45
46
47
48
49
50
//////
/////Level/////
1
/////Score/////
0
/////Lives/////
3
/////Enemies Left/////
14
/////Tank Pos/////
UP
5.0
14.0
/////Bullets/////
Empty
/////Enemies/////
Enemy0
UP
6.0
0.1599999999999999
//Bullets//
Empty
Enemy1
LEFT
6.919999999999999
1.2400000000000004
//Bullets//
Empty
Enemy2
DOWN
4.0
2.360000000000001
//Bullets//
Empty
Enemy3
DOWN
10.0
2.360000000000001
//Bullets//
Empty
/////Broken Bricks/////
0
1
2
3
4
5
6
7
8
9
10
11
12
13
14
15
16
17
18
19
20
21
22
23
24
25
26
27
28
29
30
31
32
33
34
35
36
37
38
39
40
41
42
43
44
45
46
47
48
49
50
/////Bricks/////
0
1
2
3
4
5
6
7
8
9
10
11
12
13
14
15
16
17
18
19
20
21
22
23
24
25
26
27
28
29
30
31
32
33
34
35
36
37
38
39
40
41
42
43
44
45
46
47
48
49
50
//////
/////Level/////
1
/////Score/////
0
/////Lives/////
3
/////Enemies Left/////
14
/////Tank Pos/////
UP
5.0
14.0
/////Bullets/////
Empty
/////Enemies/////
Enemy0
UP
6.0
0.11999999999999988
//Bullets//
Empty
Enemy1
LEFT
6.879999999999999
1.2400000000000004
//Bullets//
Empty
Enemy2
DOWN
4.0
2.4000000000000012
//Bullets//
Empty
Enemy3
DOWN
10.0
2.4000000000000012
//Bullets//
Empty
/////Broken Bricks/////
0
1
2
3
4
5
6
7
8
9
10
11
12
13
14
15
16
17
18
19
20
21
22
23
24
25
26
27
28
29
30
31
32
33
34
35
36
37
38
39
40
41
42
43
44
45
46
47
48
49
50
/////Bricks/////
0
1
2
3
4
5
6
7
8
9
10
11
12
13
14
15
16
17
18
19
20
21
22
23
24
25
26
27
28
29
30
31
32
33
34
35
36
37
38
39
40
41
42
43
44
45
46
47
48
49
50
//////
/////Level/////
1
/////Score/////
0
/////Lives/////
3
/////Enemies Left/////
14
/////Tank Pos/////
UP
5.0
14.0
/////Bullets/////
Empty
/////Enemies/////
Enemy0
UP
6.0
0.07999999999999988
//Bullets//
Empty
Enemy1
LEFT
6.839999999999999
1.2400000000000004
//Bullets//
Empty
Enemy2
DOWN
4.0
2.4400000000000013
//Bullets//
Empty
Enemy3
DOWN
10.0
2.4400000000000013
//Bullets//
Empty
/////Broken Bricks/////
0
1
2
3
4
5
6
7
8
9
10
11
12
13
14
15
16
17
18
19
20
21
22
23
24
25
26
27
28
29
30
31
32
33
34
35
36
37
38
39
40
41
42
43
44
45
46
47
48
49
50
/////Bricks/////
0
1
2
3
4
5
6
7
8
9
10
11
12
13
14
15
16
17
18
19
20
21
22
23
24
25
26
27
28
29
30
31
32
33
34
35
36
37
38
39
40
41
42
43
44
45
46
47
48
49
50
//////
/////Level/////
1
/////Score/////
0
/////Lives/////
3
/////Enemies Left/////
14
/////Tank Pos/////
UP
5.0
14.0
/////Bullets/////
Empty
/////Enemies/////
Enemy0
UP
6.0
0.039999999999999876
//Bullets//
Empty
Enemy1
LEFT
6.799999999999999
1.2400000000000004
//Bullets//
Empty
Enemy2
DOWN
4.0
2.4800000000000013
//Bullets//
Empty
Enemy3
DOWN
10.0
2.4800000000000013
//Bullets//
Empty
/////Broken Bricks/////
0
1
2
3
4
5
6
7
8
9
10
11
12
13
14
15
16
17
18
19
20
21
22
23
24
25
26
27
28
29
30
31
32
33
34
35
36
37
38
39
40
41
42
43
44
45
46
47
48
49
50
/////Bricks/////
0
1
2
3
4
5
6
7
8
9
10
11
12
13
14
15
16
17
18
19
20
21
22
23
24
25
26
27
28
29
30
31
32
33
34
35
36
37
38
39
40
41
42
43
44
45
46
47
48
49
50
//////
/////Level/////
1
/////Score/////
0
/////Lives/////
3
/////Enemies Left/////
14
/////Tank Pos/////
UP
5.0
14.0
/////Bullets/////
Empty
/////Enemies/////
Enemy0
RIGHT
6.0
0.039999999999999876
//Bullets//
Empty
Enemy1
LEFT
6.759999999999999
1.2400000000000004
//Bullets//
Empty
Enemy2
DOWN
4.0
2.5200000000000014
//Bullets//
Empty
Enemy3
DOWN
10.0
2.5200000000000014
//Bullets//
Empty
/////Broken Bricks/////
0
1
2
3
4
5
6
7
8
9
10
11
12
13
14
15
16
17
18
19
20
21
22
23
24
25
26
27
28
29
30
31
32
33
34
35
36
37
38
39
40
41
42
43
44
45
46
47
48
49
50
/////Bricks/////
0
1
2
3
4
5
6
7
8
9
10
11
12
13
14
15
16
17
18
19
20
21
22
23
24
25
26
27
28
29
30
31
32
33
34
35
36
37
38
39
40
41
42
43
44
45
46
47
48
49
50
//////
/////Level/////
1
/////Score/////
0
/////Lives/////
3
/////Enemies Left/////
14
/////Tank Pos/////
UP
5.0
14.0
/////Bullets/////
Empty
/////Enemies/////
Enemy0
RIGHT
6.04
0.039999999999999876
//Bullets//
Empty
Enemy1
LEFT
6.719999999999999
1.2400000000000004
//Bullets//
Empty
Enemy2
DOWN
4.0
2.5600000000000014
//Bullets//
Empty
Enemy3
DOWN
10.0
2.5600000000000014
//Bullets//
Empty
/////Broken Bricks/////
0
1
2
3
4
5
6
7
8
9
10
11
12
13
14
15
16
17
18
19
20
21
22
23
24
25
26
27
28
29
30
31
32
33
34
35
36
37
38
39
40
41
42
43
44
45
46
47
48
49
50
/////Bricks/////
0
1
2
3
4
5
6
7
8
9
10
11
12
13
14
15
16
17
18
19
20
21
22
23
24
25
26
27
28
29
30
31
32
33
34
35
36
37
38
39
40
41
42
43
44
45
46
47
48
49
50
//////
/////Level/////
1
/////Score/////
0
/////Lives/////
3
/////Enemies Left/////
14
/////Tank Pos/////
UP
5.0
14.0
/////Bullets/////
Empty
/////Enemies/////
Enemy0
RIGHT
6.08
0.039999999999999876
//Bullets//
Empty
Enemy1
LEFT
6.679999999999999
1.2400000000000004
//Bullets//
Empty
Enemy2
DOWN
4.0
2.6000000000000014
//Bullets//
Empty
Enemy3
DOWN
10.0
2.6000000000000014
//Bullets//
Empty
/////Broken Bricks/////
0
1
2
3
4
5
6
7
8
9
10
11
12
13
14
15
16
17
18
19
20
21
22
23
24
25
26
27
28
29
30
31
32
33
34
35
36
37
38
39
40
41
42
43
44
45
46
47
48
49
50
/////Bricks/////
0
1
2
3
4
5
6
7
8
9
10
11
12
13
14
15
16
17
18
19
20
21
22
23
24
25
26
27
28
29
30
31
32
33
34
35
36
37
38
39
40
41
42
43
44
45
46
47
48
49
50
//////
/////Level/////
1
/////Score/////
0
/////Lives/////
3
/////Enemies Left/////
14
/////Tank Pos/////
UP
5.0
14.0
/////Bullets/////
Empty
/////Enemies/////
Enemy0
RIGHT
6.12
0.039999999999999876
//Bullets//
Empty
Enemy1
LEFT
6.639999999999999
1.2400000000000004
//Bullets//
Empty
Enemy2
DOWN
4.0
2.6400000000000015
//Bullets//
Empty
Enemy3
DOWN
10.0
2.6400000000000015
//Bullets//
Empty
/////Broken Bricks/////
0
1
2
3
4
5
6
7
8
9
10
11
12
13
14
15
16
17
18
19
20
21
22
23
24
25
26
27
28
29
30
31
32
33
34
35
36
37
38
39
40
41
42
43
44
45
46
47
48
49
50
/////Bricks/////
0
1
2
3
4
5
6
7
8
9
10
11
12
13
14
15
16
17
18
19
20
21
22
23
24
25
26
27
28
29
30
31
32
33
34
35
36
37
38
39
40
41
42
43
44
45
46
47
48
49
50
//////
/////Level/////
1
/////Score/////
0
/////Lives/////
3
/////Enemies Left/////
14
/////Tank Pos/////
UP
5.0
14.0
/////Bullets/////
Empty
/////Enemies/////
Enemy0
RIGHT
6.16
0.039999999999999876
//Bullets//
Empty
Enemy1
LEFT
6.599999999999999
1.2400000000000004
//Bullets//
Empty
Enemy2
DOWN
4.0
2.6800000000000015
//Bullets//
Empty
Enemy3
DOWN
10.0
2.6800000000000015
//Bullets//
Empty
/////Broken Bricks/////
0
1
2
3
4
5
6
7
8
9
10
11
12
13
14
15
16
17
18
19
20
21
22
23
24
25
26
27
28
29
30
31
32
33
34
35
36
37
38
39
40
41
42
43
44
45
46
47
48
49
50
/////Bricks/////
0
1
2
3
4
5
6
7
8
9
10
11
12
13
14
15
16
17
18
19
20
21
22
23
24
25
26
27
28
29
30
31
32
33
34
35
36
37
38
39
40
41
42
43
44
45
46
47
48
49
50
//////
/////Level/////
1
/////Score/////
0
/////Lives/////
3
/////Enemies Left/////
14
/////Tank Pos/////
UP
5.0
14.0
/////Bullets/////
Empty
/////Enemies/////
Enemy0
RIGHT
6.2
0.039999999999999876
//Bullets//
Empty
Enemy1
LEFT
6.559999999999999
1.2400000000000004
//Bullets//
Empty
Enemy2
DOWN
4.0
2.7200000000000015
//Bullets//
Empty
Enemy3
DOWN
10.0
2.7200000000000015
//Bullets//
Empty
/////Broken Bricks/////
0
1
2
3
4
5
6
7
8
9
10
11
12
13
14
15
16
17
18
19
20
21
22
23
24
25
26
27
28
29
30
31
32
33
34
35
36
37
38
39
40
41
42
43
44
45
46
47
48
49
50
/////Bricks/////
0
1
2
3
4
5
6
7
8
9
10
11
12
13
14
15
16
17
18
19
20
21
22
23
24
25
26
27
28
29
30
31
32
33
34
35
36
37
38
39
40
41
42
43
44
45
46
47
48
49
50
//////
/////Level/////
1
/////Score/////
0
/////Lives/////
3
/////Enemies Left/////
14
/////Tank Pos/////
UP
5.0
14.0
/////Bullets/////
Empty
/////Enemies/////
Enemy0
RIGHT
6.24
0.039999999999999876
//Bullets//
Empty
Enemy1
LEFT
6.519999999999999
1.2400000000000004
//Bullets//
Empty
Enemy2
DOWN
4.0
2.7600000000000016
//Bullets//
Empty
Enemy3
DOWN
10.0
2.7600000000000016
//Bullets//
Empty
/////Broken Bricks/////
0
1
2
3
4
5
6
7
8
9
10
11
12
13
14
15
16
17
18
19
20
21
22
23
24
25
26
27
28
29
30
31
32
33
34
35
36
37
38
39
40
41
42
43
44
45
46
47
48
49
50
/////Bricks/////
0
1
2
3
4
5
6
7
8
9
10
11
12
13
14
15
16
17
18
19
20
21
22
23
24
25
26
27
28
29
30
31
32
33
34
35
36
37
38
39
40
41
42
43
44
45
46
47
48
49
50
//////
/////Level/////
1
/////Score/////
0
/////Lives/////
3
/////Enemies Left/////
14
/////Tank Pos/////
UP
5.0
14.0
/////Bullets/////
Empty
/////Enemies/////
Enemy0
RIGHT
6.28
0.039999999999999876
//Bullets//
Empty
Enemy1
LEFT
6.479999999999999
1.2400000000000004
//Bullets//
Empty
Enemy2
DOWN
4.0
2.8000000000000016
//Bullets//
Empty
Enemy3
DOWN
10.0
2.8000000000000016
//Bullets//
Empty
/////Broken Bricks/////
0
1
2
3
4
5
6
7
8
9
10
11
12
13
14
15
16
17
18
19
20
21
22
23
24
25
26
27
28
29
30
31
32
33
34
35
36
37
38
39
40
41
42
43
44
45
46
47
48
49
50
/////Bricks/////
0
1
2
3
4
5
6
7
8
9
10
11
12
13
14
15
16
17
18
19
20
21
22
23
24
25
26
27
28
29
30
31
32
33
34
35
36
37
38
39
40
41
42
43
44
45
46
47
48
49
50
//////
/////Level/////
1
/////Score/////
0
/////Lives/////
3
/////Enemies Left/////
14
/////Tank Pos/////
UP
5.0
14.0
/////Bullets/////
Empty
/////Enemies/////
Enemy0
RIGHT
6.32
0.039999999999999876
//Bullets//
Empty
Enemy1
LEFT
6.439999999999999
1.2400000000000004
//Bullets//
Empty
Enemy2
DOWN
4.0
2.8400000000000016
//Bullets//
Empty
Enemy3
DOWN
10.0
2.8400000000000016
//Bullets//
Empty
/////Broken Bricks/////
0
1
2
3
4
5
6
7
8
9
10
11
12
13
14
15
16
17
18
19
20
21
22
23
24
25
26
27
28
29
30
31
32
33
34
35
36
37
38
39
40
41
42
43
44
45
46
47
48
49
50
/////Bricks/////
0
1
2
3
4
5
6
7
8
9
10
11
12
13
14
15
16
17
18
19
20
21
22
23
24
25
26
27
28
29
30
31
32
33
34
35
36
37
38
39
40
41
42
43
44
45
46
47
48
49
50
//////
/////Level/////
1
/////Score/////
0
/////Lives/////
3
/////Enemies Left/////
14
/////Tank Pos/////
UP
5.0
14.0
/////Bullets/////
Empty
/////Enemies/////
Enemy0
RIGHT
6.36
0.039999999999999876
//Bullets//
Empty
Enemy1
LEFT
6.399999999999999
1.2400000000000004
//Bullets//
Empty
Enemy2
DOWN
4.0
2.8800000000000017
//Bullets//
Empty
Enemy3
DOWN
10.0
2.8800000000000017
//Bullets//
Empty
/////Broken Bricks/////
0
1
2
3
4
5
6
7
8
9
10
11
12
13
14
15
16
17
18
19
20
21
22
23
24
25
26
27
28
29
30
31
32
33
34
35
36
37
38
39
40
41
42
43
44
45
46
47
48
49
50
/////Bricks/////
0
1
2
3
4
5
6
7
8
9
10
11
12
13
14
15
16
17
18
19
20
21
22
23
24
25
26
27
28
29
30
31
32
33
34
35
36
37
38
39
40
41
42
43
44
45
46
47
48
49
50
//////
/////Level/////
1
/////Score/////
0
/////Lives/////
3
/////Enemies Left/////
14
/////Tank Pos/////
UP
5.0
14.0
/////Bullets/////
Empty
/////Enemies/////
Enemy0
RIGHT
6.4
0.039999999999999876
//Bullets//
Empty
Enemy1
LEFT
6.3599999999999985
1.2400000000000004
//Bullets//
Empty
Enemy2
DOWN
4.0
2.9200000000000017
//Bullets//
Empty
Enemy3
DOWN
10.0
2.9200000000000017
//Bullets//
Empty
/////Broken Bricks/////
0
1
2
3
4
5
6
7
8
9
10
11
12
13
14
15
16
17
18
19
20
21
22
23
24
25
26
27
28
29
30
31
32
33
34
35
36
37
38
39
40
41
42
43
44
45
46
47
48
49
50
/////Bricks/////
0
1
2
3
4
5
6
7
8
9
10
11
12
13
14
15
16
17
18
19
20
21
22
23
24
25
26
27
28
29
30
31
32
33
34
35
36
37
38
39
40
41
42
43
44
45
46
47
48
49
50
//////
/////Level/////
1
/////Score/////
0
/////Lives/////
3
/////Enemies Left/////
14
/////Tank Pos/////
UP
5.0
14.0
/////Bullets/////
Empty
/////Enemies/////
Enemy0
RIGHT
6.44
0.039999999999999876
//Bullets//
Empty
Enemy1
LEFT
6.3199999999999985
1.2400000000000004
//Bullets//
Empty
Enemy2
DOWN
4.0
2.9600000000000017
//Bullets//
Empty
Enemy3
DOWN
10.0
2.9600000000000017
//Bullets//
Empty
/////Broken Bricks/////
0
1
2
3
4
5
6
7
8
9
10
11
12
13
14
15
16
17
18
19
20
21
22
23
24
25
26
27
28
29
30
31
32
33
34
35
36
37
38
39
40
41
42
43
44
45
46
47
48
49
50
/////Bricks/////
0
1
2
3
4
5
6
7
8
9
10
11
12
13
14
15
16
17
18
19
20
21
22
23
24
25
26
27
28
29
30
31
32
33
34
35
36
37
38
39
40
41
42
43
44
45
46
47
48
49
50
//////
/////Level/////
1
/////Score/////
0
/////Lives/////
3
/////Enemies Left/////
14
/////Tank Pos/////
UP
5.0
14.0
/////Bullets/////
Empty
/////Enemies/////
Enemy0
RIGHT
6.48
0.039999999999999876
//Bullets//
Empty
Enemy1
LEFT
6.2799999999999985
1.2400000000000004
//Bullets//
Empty
Enemy2
DOWN
4.0
3.0000000000000018
//Bullets//
Empty
Enemy3
DOWN
10.0
3.0000000000000018
//Bullets//
Empty
/////Broken Bricks/////
0
1
2
3
4
5
6
7
8
9
10
11
12
13
14
15
16
17
18
19
20
21
22
23
24
25
26
27
28
29
30
31
32
33
34
35
36
37
38
39
40
41
42
43
44
45
46
47
48
49
50
/////Bricks/////
0
1
2
3
4
5
6
7
8
9
10
11
12
13
14
15
16
17
18
19
20
21
22
23
24
25
26
27
28
29
30
31
32
33
34
35
36
37
38
39
40
41
42
43
44
45
46
47
48
49
50
//////
/////Level/////
1
/////Score/////
0
/////Lives/////
3
/////Enemies Left/////
14
/////Tank Pos/////
UP
5.0
14.0
/////Bullets/////
Empty
/////Enemies/////
Enemy0
RIGHT
6.5200000000000005
0.039999999999999876
//Bullets//
Empty
Enemy1
LEFT
6.239999999999998
1.2400000000000004
//Bullets//
Empty
Enemy2
DOWN
4.0
3.040000000000002
//Bullets//
Empty
Enemy3
DOWN
10.0
3.040000000000002
//Bullets//
Empty
/////Broken Bricks/////
0
1
2
3
4
5
6
7
8
9
10
11
12
13
14
15
16
17
18
19
20
21
22
23
24
25
26
27
28
29
30
31
32
33
34
35
36
37
38
39
40
41
42
43
44
45
46
47
48
49
50
/////Bricks/////
0
1
2
3
4
5
6
7
8
9
10
11
12
13
14
15
16
17
18
19
20
21
22
23
24
25
26
27
28
29
30
31
32
33
34
35
36
37
38
39
40
41
42
43
44
45
46
47
48
49
50
//////
/////Level/////
1
/////Score/////
0
/////Lives/////
3
/////Enemies Left/////
14
/////Tank Pos/////
UP
5.0
14.0
/////Bullets/////
Empty
/////Enemies/////
Enemy0
RIGHT
6.5600000000000005
0.039999999999999876
//Bullets//
Empty
Enemy1
LEFT
6.199999999999998
1.2400000000000004
//Bullets//
Empty
Enemy2
DOWN
4.0
3.080000000000002
//Bullets//
Empty
Enemy3
DOWN
10.0
3.080000000000002
//Bullets//
Empty
/////Broken Bricks/////
0
1
2
3
4
5
6
7
8
9
10
11
12
13
14
15
16
17
18
19
20
21
22
23
24
25
26
27
28
29
30
31
32
33
34
35
36
37
38
39
40
41
42
43
44
45
46
47
48
49
50
/////Bricks/////
0
1
2
3
4
5
6
7
8
9
10
11
12
13
14
15
16
17
18
19
20
21
22
23
24
25
26
27
28
29
30
31
32
33
34
35
36
37
38
39
40
41
42
43
44
45
46
47
48
49
50
//////
/////Level/////
1
/////Score/////
0
/////Lives/////
3
/////Enemies Left/////
14
/////Tank Pos/////
UP
5.0
14.0
/////Bullets/////
Empty
/////Enemies/////
Enemy0
RIGHT
6.6000000000000005
0.039999999999999876
//Bullets//
Empty
Enemy1
LEFT
6.159999999999998
1.2400000000000004
//Bullets//
Empty
Enemy2
DOWN
4.0
3.120000000000002
//Bullets//
Empty
Enemy3
DOWN
10.0
3.120000000000002
//Bullets//
Empty
/////Broken Bricks/////
0
1
2
3
4
5
6
7
8
9
10
11
12
13
14
15
16
17
18
19
20
21
22
23
24
25
26
27
28
29
30
31
32
33
34
35
36
37
38
39
40
41
42
43
44
45
46
47
48
49
50
/////Bricks/////
0
1
2
3
4
5
6
7
8
9
10
11
12
13
14
15
16
17
18
19
20
21
22
23
24
25
26
27
28
29
30
31
32
33
34
35
36
37
38
39
40
41
42
43
44
45
46
47
48
49
50
//////
/////Level/////
1
/////Score/////
0
/////Lives/////
3
/////Enemies Left/////
14
/////Tank Pos/////
UP
5.0
14.0
/////Bullets/////
Empty
/////Enemies/////
Enemy0
RIGHT
6.640000000000001
0.039999999999999876
//Bullets//
Empty
Enemy1
LEFT
6.119999999999998
1.2400000000000004
//Bullets//
Empty
Enemy2
DOWN
4.0
3.160000000000002
//Bullets//
Empty
Enemy3
DOWN
10.0
3.160000000000002
//Bullets//
Empty
/////Broken Bricks/////
0
1
2
3
4
5
6
7
8
9
10
11
12
13
14
15
16
17
18
19
20
21
22
23
24
25
26
27
28
29
30
31
32
33
34
35
36
37
38
39
40
41
42
43
44
45
46
47
48
49
50
/////Bricks/////
0
1
2
3
4
5
6
7
8
9
10
11
12
13
14
15
16
17
18
19
20
21
22
23
24
25
26
27
28
29
30
31
32
33
34
35
36
37
38
39
40
41
42
43
44
45
46
47
48
49
50
//////
/////Level/////
1
/////Score/////
0
/////Lives/////
3
/////Enemies Left/////
14
/////Tank Pos/////
UP
5.0
14.0
/////Bullets/////
Empty
/////Enemies/////
Enemy0
RIGHT
6.680000000000001
0.039999999999999876
//Bullets//
Empty
Enemy1
LEFT
6.079999999999998
1.2400000000000004
//Bullets//
Empty
Enemy2
DOWN
4.0
3.200000000000002
//Bullets//
Empty
Enemy3
DOWN
10.0
3.200000000000002
//Bullets//
Empty
/////Broken Bricks/////
0
1
2
3
4
5
6
7
8
9
10
11
12
13
14
15
16
17
18
19
20
21
22
23
24
25
26
27
28
29
30
31
32
33
34
35
36
37
38
39
40
41
42
43
44
45
46
47
48
49
50
/////Bricks/////
0
1
2
3
4
5
6
7
8
9
10
11
12
13
14
15
16
17
18
19
20
21
22
23
24
25
26
27
28
29
30
31
32
33
34
35
36
37
38
39
40
41
42
43
44
45
46
47
48
49
50
//////
/////Level/////
1
/////Score/////
0
/////Lives/////
3
/////Enemies Left/////
14
/////Tank Pos/////
UP
5.0
14.0
/////Bullets/////
Empty
/////Enemies/////
Enemy0
RIGHT
6.720000000000001
0.039999999999999876
//Bullets//
Empty
Enemy1
LEFT
6.039999999999998
1.2400000000000004
//Bullets//
Empty
Enemy2
DOWN
4.0
3.240000000000002
//Bullets//
Empty
Enemy3
DOWN
10.0
3.240000000000002
//Bullets//
Empty
/////Broken Bricks/////
0
1
2
3
4
5
6
7
8
9
10
11
12
13
14
15
16
17
18
19
20
21
22
23
24
25
26
27
28
29
30
31
32
33
34
35
36
37
38
39
40
41
42
43
44
45
46
47
48
49
50
/////Bricks/////
0
1
2
3
4
5
6
7
8
9
10
11
12
13
14
15
16
17
18
19
20
21
22
23
24
25
26
27
28
29
30
31
32
33
34
35
36
37
38
39
40
41
42
43
44
45
46
47
48
49
50
//////
/////Level/////
1
/////Score/////
0
/////Lives/////
3
/////Enemies Left/////
14
/////Tank Pos/////
UP
5.0
14.0
/////Bullets/////
Empty
/////Enemies/////
Enemy0
RIGHT
6.760000000000001
0.039999999999999876
//Bullets//
Empty
Enemy1
LEFT
5.999999999999998
1.2400000000000004
//Bullets//
Empty
Enemy2
DOWN
4.0
3.280000000000002
//Bullets//
Empty
Enemy3
DOWN
10.0
3.280000000000002
//Bullets//
Empty
/////Broken Bricks/////
0
1
2
3
4
5
6
7
8
9
10
11
12
13
14
15
16
17
18
19
20
21
22
23
24
25
26
27
28
29
30
31
32
33
34
35
36
37
38
39
40
41
42
43
44
45
46
47
48
49
50
/////Bricks/////
0
1
2
3
4
5
6
7
8
9
10
11
12
13
14
15
16
17
18
19
20
21
22
23
24
25
26
27
28
29
30
31
32
33
34
35
36
37
38
39
40
41
42
43
44
45
46
47
48
49
50
//////
/////Level/////
1
/////Score/////
0
/////Lives/////
3
/////Enemies Left/////
14
/////Tank Pos/////
UP
5.0
14.0
/////Bullets/////
Empty
/////Enemies/////
Enemy0
RIGHT
6.800000000000001
0.039999999999999876
//Bullets//
Empty
Enemy1
LEFT
5.959999999999998
1.2400000000000004
//Bullets//
Empty
Enemy2
DOWN
4.0
3.320000000000002
//Bullets//
Empty
Enemy3
DOWN
10.0
3.320000000000002
//Bullets//
Empty
/////Broken Bricks/////
0
1
2
3
4
5
6
7
8
9
10
11
12
13
14
15
16
17
18
19
20
21
22
23
24
25
26
27
28
29
30
31
32
33
34
35
36
37
38
39
40
41
42
43
44
45
46
47
48
49
50
/////Bricks/////
0
1
2
3
4
5
6
7
8
9
10
11
12
13
14
15
16
17
18
19
20
21
22
23
24
25
26
27
28
29
30
31
32
33
34
35
36
37
38
39
40
41
42
43
44
45
46
47
48
49
50
//////
/////Level/////
1
/////Score/////
0
/////Lives/////
3
/////Enemies Left/////
14
/////Tank Pos/////
UP
5.0
14.0
/////Bullets/////
Empty
/////Enemies/////
Enemy0
RIGHT
6.840000000000001
0.039999999999999876
//Bullets//
Empty
Enemy1
LEFT
5.919999999999998
1.2400000000000004
//Bullets//
Empty
Enemy2
DOWN
4.0
3.360000000000002
//Bullets//
Empty
Enemy3
DOWN
10.0
3.360000000000002
//Bullets//
Empty
/////Broken Bricks/////
0
1
2
3
4
5
6
7
8
9
10
11
12
13
14
15
16
17
18
19
20
21
22
23
24
25
26
27
28
29
30
31
32
33
34
35
36
37
38
39
40
41
42
43
44
45
46
47
48
49
50
/////Bricks/////
0
1
2
3
4
5
6
7
8
9
10
11
12
13
14
15
16
17
18
19
20
21
22
23
24
25
26
27
28
29
30
31
32
33
34
35
36
37
38
39
40
41
42
43
44
45
46
47
48
49
50
//////
/////Level/////
1
/////Score/////
0
/////Lives/////
3
/////Enemies Left/////
14
/////Tank Pos/////
UP
5.0
14.0
/////Bullets/////
Empty
/////Enemies/////
Enemy0
RIGHT
6.880000000000001
0.039999999999999876
//Bullets//
Empty
Enemy1
LEFT
5.879999999999998
1.2400000000000004
//Bullets//
Empty
Enemy2
DOWN
4.0
3.400000000000002
//Bullets//
Empty
Enemy3
DOWN
10.0
3.400000000000002
//Bullets//
Empty
/////Broken Bricks/////
0
1
2
3
4
5
6
7
8
9
10
11
12
13
14
15
16
17
18
19
20
21
22
23
24
25
26
27
28
29
30
31
32
33
34
35
36
37
38
39
40
41
42
43
44
45
46
47
48
49
50
/////Bricks/////
0
1
2
3
4
5
6
7
8
9
10
11
12
13
14
15
16
17
18
19
20
21
22
23
24
25
26
27
28
29
30
31
32
33
34
35
36
37
38
39
40
41
42
43
44
45
46
47
48
49
50
//////
/////Level/////
1
/////Score/////
0
/////Lives/////
3
/////Enemies Left/////
14
/////Tank Pos/////
UP
5.0
14.0
/////Bullets/////
Empty
/////Enemies/////
Enemy0
RIGHT
6.920000000000001
0.039999999999999876
//Bullets//
Empty
Enemy1
LEFT
5.839999999999998
1.2400000000000004
//Bullets//
Empty
Enemy2
DOWN
4.0
3.440000000000002
//Bullets//
Empty
Enemy3
DOWN
10.0
3.440000000000002
//Bullets//
Empty
/////Broken Bricks/////
0
1
2
3
4
5
6
7
8
9
10
11
12
13
14
15
16
17
18
19
20
21
22
23
24
25
26
27
28
29
30
31
32
33
34
35
36
37
38
39
40
41
42
43
44
45
46
47
48
49
50
/////Bricks/////
0
1
2
3
4
5
6
7
8
9
10
11
12
13
14
15
16
17
18
19
20
21
22
23
24
25
26
27
28
29
30
31
32
33
34
35
36
37
38
39
40
41
42
43
44
45
46
47
48
49
50
//////
/////Level/////
1
/////Score/////
0
/////Lives/////
3
/////Enemies Left/////
14
/////Tank Pos/////
UP
5.0
14.0
/////Bullets/////
Empty
/////Enemies/////
Enemy0
RIGHT
6.960000000000001
0.039999999999999876
//Bullets//
Empty
Enemy1
LEFT
5.799999999999998
1.2400000000000004
//Bullets//
Empty
Enemy2
DOWN
4.0
3.480000000000002
//Bullets//
Empty
Enemy3
DOWN
10.0
3.480000000000002
//Bullets//
Empty
/////Broken Bricks/////
0
1
2
3
4
5
6
7
8
9
10
11
12
13
14
15
16
17
18
19
20
21
22
23
24
25
26
27
28
29
30
31
32
33
34
35
36
37
38
39
40
41
42
43
44
45
46
47
48
49
50
/////Bricks/////
0
1
2
3
4
5
6
7
8
9
10
11
12
13
14
15
16
17
18
19
20
21
22
23
24
25
26
27
28
29
30
31
32
33
34
35
36
37
38
39
40
41
42
43
44
45
46
47
48
49
50
//////
/////Level/////
1
/////Score/////
0
/////Lives/////
3
/////Enemies Left/////
14
/////Tank Pos/////
UP
5.0
14.0
/////Bullets/////
Empty
/////Enemies/////
Enemy0
RIGHT
7.000000000000001
0.039999999999999876
//Bullets//
Empty
Enemy1
LEFT
5.759999999999998
1.2400000000000004
//Bullets//
Empty
Enemy2
DOWN
4.0
3.5200000000000022
//Bullets//
Empty
Enemy3
DOWN
10.0
3.5200000000000022
//Bullets//
Empty
/////Broken Bricks/////
0
1
2
3
4
5
6
7
8
9
10
11
12
13
14
15
16
17
18
19
20
21
22
23
24
25
26
27
28
29
30
31
32
33
34
35
36
37
38
39
40
41
42
43
44
45
46
47
48
49
50
/////Bricks/////
0
1
2
3
4
5
6
7
8
9
10
11
12
13
14
15
16
17
18
19
20
21
22
23
24
25
26
27
28
29
30
31
32
33
34
35
36
37
38
39
40
41
42
43
44
45
46
47
48
49
50
//////
/////Level/////
1
/////Score/////
0
/////Lives/////
3
/////Enemies Left/////
14
/////Tank Pos/////
UP
5.0
14.0
/////Bullets/////
Empty
/////Enemies/////
Enemy0
RIGHT
7.040000000000001
0.039999999999999876
//Bullets//
Empty
Enemy1
LEFT
5.719999999999998
1.2400000000000004
//Bullets//
Empty
Enemy2
DOWN
4.0
3.5600000000000023
//Bullets//
Empty
Enemy3
DOWN
10.0
3.5600000000000023
//Bullets//
Empty
/////Broken Bricks/////
0
1
2
3
4
5
6
7
8
9
10
11
12
13
14
15
16
17
18
19
20
21
22
23
24
25
26
27
28
29
30
31
32
33
34
35
36
37
38
39
40
41
42
43
44
45
46
47
48
49
50
/////Bricks/////
0
1
2
3
4
5
6
7
8
9
10
11
12
13
14
15
16
17
18
19
20
21
22
23
24
25
26
27
28
29
30
31
32
33
34
35
36
37
38
39
40
41
42
43
44
45
46
47
48
49
50
//////
/////Level/////
1
/////Score/////
0
/////Lives/////
3
/////Enemies Left/////
14
/////Tank Pos/////
UP
5.0
14.0
/////Bullets/////
Empty
/////Enemies/////
Enemy0
RIGHT
7.080000000000001
0.039999999999999876
//Bullets//
Empty
Enemy1
LEFT
5.679999999999998
1.2400000000000004
//Bullets//
Empty
Enemy2
DOWN
4.0
3.6000000000000023
//Bullets//
Empty
Enemy3
DOWN
10.0
3.6000000000000023
//Bullets//
Empty
/////Broken Bricks/////
0
1
2
3
4
5
6
7
8
9
10
11
12
13
14
15
16
17
18
19
20
21
22
23
24
25
26
27
28
29
30
31
32
33
34
35
36
37
38
39
40
41
42
43
44
45
46
47
48
49
50
/////Bricks/////
0
1
2
3
4
5
6
7
8
9
10
11
12
13
14
15
16
17
18
19
20
21
22
23
24
25
26
27
28
29
30
31
32
33
34
35
36
37
38
39
40
41
42
43
44
45
46
47
48
49
50
//////
/////Level/////
1
/////Score/////
0
/////Lives/////
3
/////Enemies Left/////
14
/////Tank Pos/////
UP
5.0
14.0
/////Bullets/////
Empty
/////Enemies/////
Enemy0
RIGHT
7.120000000000001
0.039999999999999876
//Bullets//
Empty
Enemy1
LEFT
5.639999999999998
1.2400000000000004
//Bullets//
Empty
Enemy2
DOWN
4.0
3.6400000000000023
//Bullets//
Empty
Enemy3
DOWN
10.0
3.6400000000000023
//Bullets//
Empty
/////Broken Bricks/////
0
1
2
3
4
5
6
7
8
9
10
11
12
13
14
15
16
17
18
19
20
21
22
23
24
25
26
27
28
29
30
31
32
33
34
35
36
37
38
39
40
41
42
43
44
45
46
47
48
49
50
/////Bricks/////
0
1
2
3
4
5
6
7
8
9
10
11
12
13
14
15
16
17
18
19
20
21
22
23
24
25
26
27
28
29
30
31
32
33
34
35
36
37
38
39
40
41
42
43
44
45
46
47
48
49
50
//////
/////Level/////
1
/////Score/////
0
/////Lives/////
3
/////Enemies Left/////
14
/////Tank Pos/////
UP
5.0
14.0
/////Bullets/////
Empty
/////Enemies/////
Enemy0
RIGHT
7.160000000000001
0.039999999999999876
//Bullets//
Empty
Enemy1
LEFT
5.599999999999998
1.2400000000000004
//Bullets//
Empty
Enemy2
DOWN
4.0
3.6800000000000024
//Bullets//
Empty
Enemy3
DOWN
10.0
3.6800000000000024
//Bullets//
Empty
/////Broken Bricks/////
0
1
2
3
4
5
6
7
8
9
10
11
12
13
14
15
16
17
18
19
20
21
22
23
24
25
26
27
28
29
30
31
32
33
34
35
36
37
38
39
40
41
42
43
44
45
46
47
48
49
50
/////Bricks/////
0
1
2
3
4
5
6
7
8
9
10
11
12
13
14
15
16
17
18
19
20
21
22
23
24
25
26
27
28
29
30
31
32
33
34
35
36
37
38
39
40
41
42
43
44
45
46
47
48
49
50
//////
/////Level/////
1
/////Score/////
0
/////Lives/////
3
/////Enemies Left/////
14
/////Tank Pos/////
UP
5.0
14.0
/////Bullets/////
Empty
/////Enemies/////
Enemy0
RIGHT
7.200000000000001
0.039999999999999876
//Bullets//
Empty
Enemy1
LEFT
5.559999999999998
1.2400000000000004
//Bullets//
Empty
Enemy2
DOWN
4.0
3.7200000000000024
//Bullets//
Empty
Enemy3
DOWN
10.0
3.7200000000000024
//Bullets//
Empty
/////Broken Bricks/////
0
1
2
3
4
5
6
7
8
9
10
11
12
13
14
15
16
17
18
19
20
21
22
23
24
25
26
27
28
29
30
31
32
33
34
35
36
37
38
39
40
41
42
43
44
45
46
47
48
49
50
/////Bricks/////
0
1
2
3
4
5
6
7
8
9
10
11
12
13
14
15
16
17
18
19
20
21
22
23
24
25
26
27
28
29
30
31
32
33
34
35
36
37
38
39
40
41
42
43
44
45
46
47
48
49
50
//////
/////Level/////
1
/////Score/////
0
/////Lives/////
3
/////Enemies Left/////
14
/////Tank Pos/////
UP
5.0
14.0
/////Bullets/////
Empty
/////Enemies/////
Enemy0
RIGHT
7.240000000000001
0.039999999999999876
//Bullets//
Empty
Enemy1
LEFT
5.519999999999998
1.2400000000000004
//Bullets//
Empty
Enemy2
DOWN
4.0
3.7600000000000025
//Bullets//
Empty
Enemy3
DOWN
10.0
3.7600000000000025
//Bullets//
Empty
/////Broken Bricks/////
0
1
2
3
4
5
6
7
8
9
10
11
12
13
14
15
16
17
18
19
20
21
22
23
24
25
26
27
28
29
30
31
32
33
34
35
36
37
38
39
40
41
42
43
44
45
46
47
48
49
50
/////Bricks/////
0
1
2
3
4
5
6
7
8
9
10
11
12
13
14
15
16
17
18
19
20
21
22
23
24
25
26
27
28
29
30
31
32
33
34
35
36
37
38
39
40
41
42
43
44
45
46
47
48
49
50
//////
/////Level/////
1
/////Score/////
0
/////Lives/////
3
/////Enemies Left/////
14
/////Tank Pos/////
UP
5.0
14.0
/////Bullets/////
Empty
/////Enemies/////
Enemy0
RIGHT
7.280000000000001
0.039999999999999876
//Bullets//
Empty
Enemy1
LEFT
5.479999999999998
1.2400000000000004
//Bullets//
Empty
Enemy2
DOWN
4.0
3.8000000000000025
//Bullets//
Empty
Enemy3
DOWN
10.0
3.8000000000000025
//Bullets//
Empty
/////Broken Bricks/////
0
1
2
3
4
5
6
7
8
9
10
11
12
13
14
15
16
17
18
19
20
21
22
23
24
25
26
27
28
29
30
31
32
33
34
35
36
37
38
39
40
41
42
43
44
45
46
47
48
49
50
/////Bricks/////
0
1
2
3
4
5
6
7
8
9
10
11
12
13
14
15
16
17
18
19
20
21
22
23
24
25
26
27
28
29
30
31
32
33
34
35
36
37
38
39
40
41
42
43
44
45
46
47
48
49
50
//////
/////Level/////
1
/////Score/////
0
/////Lives/////
3
/////Enemies Left/////
14
/////Tank Pos/////
UP
5.0
14.0
/////Bullets/////
Empty
/////Enemies/////
Enemy0
RIGHT
7.320000000000001
0.039999999999999876
//Bullets//
Empty
Enemy1
LEFT
5.439999999999998
1.2400000000000004
//Bullets//
Empty
Enemy2
DOWN
4.0
3.8400000000000025
//Bullets//
Empty
Enemy3
DOWN
10.0
3.8400000000000025
//Bullets//
Empty
/////Broken Bricks/////
0
1
2
3
4
5
6
7
8
9
10
11
12
13
14
15
16
17
18
19
20
21
22
23
24
25
26
27
28
29
30
31
32
33
34
35
36
37
38
39
40
41
42
43
44
45
46
47
48
49
50
/////Bricks/////
0
1
2
3
4
5
6
7
8
9
10
11
12
13
14
15
16
17
18
19
20
21
22
23
24
25
26
27
28
29
30
31
32
33
34
35
36
37
38
39
40
41
42
43
44
45
46
47
48
49
50
//////
/////Level/////
1
/////Score/////
0
/////Lives/////
3
/////Enemies Left/////
14
/////Tank Pos/////
UP
5.0
14.0
/////Bullets/////
Empty
/////Enemies/////
Enemy0
RIGHT
7.360000000000001
0.039999999999999876
//Bullets//
Empty
Enemy1
LEFT
5.399999999999998
1.2400000000000004
//Bullets//
Empty
Enemy2
DOWN
4.0
3.8800000000000026
//Bullets//
Empty
Enemy3
DOWN
10.0
3.8800000000000026
//Bullets//
Empty
/////Broken Bricks/////
0
1
2
3
4
5
6
7
8
9
10
11
12
13
14
15
16
17
18
19
20
21
22
23
24
25
26
27
28
29
30
31
32
33
34
35
36
37
38
39
40
41
42
43
44
45
46
47
48
49
50
/////Bricks/////
0
1
2
3
4
5
6
7
8
9
10
11
12
13
14
15
16
17
18
19
20
21
22
23
24
25
26
27
28
29
30
31
32
33
34
35
36
37
38
39
40
41
42
43
44
45
46
47
48
49
50
//////
/////Level/////
1
/////Score/////
0
/////Lives/////
3
/////Enemies Left/////
14
/////Tank Pos/////
UP
5.0
14.0
/////Bullets/////
Empty
/////Enemies/////
Enemy0
RIGHT
7.400000000000001
0.039999999999999876
//Bullets//
Empty
Enemy1
LEFT
5.359999999999998
1.2400000000000004
//Bullets//
Empty
Enemy2
DOWN
4.0
3.9200000000000026
//Bullets//
Empty
Enemy3
DOWN
10.0
3.9200000000000026
//Bullets//
Empty
/////Broken Bricks/////
0
1
2
3
4
5
6
7
8
9
10
11
12
13
14
15
16
17
18
19
20
21
22
23
24
25
26
27
28
29
30
31
32
33
34
35
36
37
38
39
40
41
42
43
44
45
46
47
48
49
50
/////Bricks/////
0
1
2
3
4
5
6
7
8
9
10
11
12
13
14
15
16
17
18
19
20
21
22
23
24
25
26
27
28
29
30
31
32
33
34
35
36
37
38
39
40
41
42
43
44
45
46
47
48
49
50
//////
/////Level/////
1
/////Score/////
0
/////Lives/////
3
/////Enemies Left/////
14
/////Tank Pos/////
UP
5.0
14.0
/////Bullets/////
Empty
/////Enemies/////
Enemy0
RIGHT
7.440000000000001
0.039999999999999876
//Bullets//
Empty
Enemy1
LEFT
5.319999999999998
1.2400000000000004
//Bullets//
Empty
Enemy2
DOWN
4.0
3.9600000000000026
//Bullets//
Empty
Enemy3
DOWN
10.0
3.9600000000000026
//Bullets//
Empty
/////Broken Bricks/////
0
1
2
3
4
5
6
7
8
9
10
11
12
13
14
15
16
17
18
19
20
21
22
23
24
25
26
27
28
29
30
31
32
33
34
35
36
37
38
39
40
41
42
43
44
45
46
47
48
49
50
/////Bricks/////
0
1
2
3
4
5
6
7
8
9
10
11
12
13
14
15
16
17
18
19
20
21
22
23
24
25
26
27
28
29
30
31
32
33
34
35
36
37
38
39
40
41
42
43
44
45
46
47
48
49
50
//////
/////Level/////
1
/////Score/////
0
/////Lives/////
3
/////Enemies Left/////
14
/////Tank Pos/////
UP
5.0
14.0
/////Bullets/////
Empty
/////Enemies/////
Enemy0
RIGHT
7.480000000000001
0.039999999999999876
//Bullets//
Empty
Enemy1
LEFT
5.279999999999998
1.2400000000000004
//Bullets//
Empty
Enemy2
DOWN
4.0
4.000000000000003
//Bullets//
Empty
Enemy3
DOWN
10.0
4.000000000000003
//Bullets//
Empty
/////Broken Bricks/////
0
1
2
3
4
5
6
7
8
9
10
11
12
13
14
15
16
17
18
19
20
21
22
23
24
25
26
27
28
29
30
31
32
33
34
35
36
37
38
39
40
41
42
43
44
45
46
47
48
49
50
/////Bricks/////
0
1
2
3
4
5
6
7
8
9
10
11
12
13
14
15
16
17
18
19
20
21
22
23
24
25
26
27
28
29
30
31
32
33
34
35
36
37
38
39
40
41
42
43
44
45
46
47
48
49
50
//////
/////Level/////
1
/////Score/////
0
/////Lives/////
3
/////Enemies Left/////
14
/////Tank Pos/////
UP
5.0
14.0
/////Bullets/////
Empty
/////Enemies/////
Enemy0
RIGHT
7.520000000000001
0.039999999999999876
//Bullets//
Empty
Enemy1
LEFT
5.2399999999999975
1.2400000000000004
//Bullets//
Empty
Enemy2
DOWN
4.0
4.040000000000003
//Bullets//
Empty
Enemy3
DOWN
10.0
4.040000000000003
//Bullets//
Empty
/////Broken Bricks/////
0
1
2
3
4
5
6
7
8
9
10
11
12
13
14
15
16
17
18
19
20
21
22
23
24
25
26
27
28
29
30
31
32
33
34
35
36
37
38
39
40
41
42
43
44
45
46
47
48
49
50
/////Bricks/////
0
1
2
3
4
5
6
7
8
9
10
11
12
13
14
15
16
17
18
19
20
21
22
23
24
25
26
27
28
29
30
31
32
33
34
35
36
37
38
39
40
41
42
43
44
45
46
47
48
49
50
//////
/////Level/////
1
/////Score/////
0
/////Lives/////
3
/////Enemies Left/////
14
/////Tank Pos/////
UP
5.0
14.0
/////Bullets/////
Empty
/////Enemies/////
Enemy0
RIGHT
7.560000000000001
0.039999999999999876
//Bullets//
Empty
Enemy1
LEFT
5.1999999999999975
1.2400000000000004
//Bullets//
Empty
Enemy2
DOWN
4.0
4.080000000000003
//Bullets//
Empty
Enemy3
DOWN
10.0
4.080000000000003
//Bullets//
Empty
/////Broken Bricks/////
0
1
2
3
4
5
6
7
8
9
10
11
12
13
14
15
16
17
18
19
20
21
22
23
24
25
26
27
28
29
30
31
32
33
34
35
36
37
38
39
40
41
42
43
44
45
46
47
48
49
50
/////Bricks/////
0
1
2
3
4
5
6
7
8
9
10
11
12
13
14
15
16
17
18
19
20
21
22
23
24
25
26
27
28
29
30
31
32
33
34
35
36
37
38
39
40
41
42
43
44
45
46
47
48
49
50
//////
/////Level/////
1
/////Score/////
0
/////Lives/////
3
/////Enemies Left/////
14
/////Tank Pos/////
UP
5.0
14.0
/////Bullets/////
Empty
/////Enemies/////
Enemy0
RIGHT
7.600000000000001
0.039999999999999876
//Bullets//
Empty
Enemy1
LEFT
5.1599999999999975
1.2400000000000004
//Bullets//
Empty
Enemy2
DOWN
4.0
4.120000000000003
//Bullets//
Empty
Enemy3
DOWN
10.0
4.120000000000003
//Bullets//
Empty
/////Broken Bricks/////
0
1
2
3
4
5
6
7
8
9
10
11
12
13
14
15
16
17
18
19
20
21
22
23
24
25
26
27
28
29
30
31
32
33
34
35
36
37
38
39
40
41
42
43
44
45
46
47
48
49
50
/////Bricks/////
0
1
2
3
4
5
6
7
8
9
10
11
12
13
14
15
16
17
18
19
20
21
22
23
24
25
26
27
28
29
30
31
32
33
34
35
36
37
38
39
40
41
42
43
44
45
46
47
48
49
50
//////
/////Level/////
1
/////Score/////
0
/////Lives/////
3
/////Enemies Left/////
14
/////Tank Pos/////
UP
5.0
14.0
/////Bullets/////
Empty
/////Enemies/////
Enemy0
RIGHT
7.6400000000000015
0.039999999999999876
//Bullets//
Empty
Enemy1
LEFT
5.119999999999997
1.2400000000000004
//Bullets//
Empty
Enemy2
DOWN
4.0
4.160000000000003
//Bullets//
Empty
Enemy3
DOWN
10.0
4.160000000000003
//Bullets//
Empty
/////Broken Bricks/////
0
1
2
3
4
5
6
7
8
9
10
11
12
13
14
15
16
17
18
19
20
21
22
23
24
25
26
27
28
29
30
31
32
33
34
35
36
37
38
39
40
41
42
43
44
45
46
47
48
49
50
/////Bricks/////
0
1
2
3
4
5
6
7
8
9
10
11
12
13
14
15
16
17
18
19
20
21
22
23
24
25
26
27
28
29
30
31
32
33
34
35
36
37
38
39
40
41
42
43
44
45
46
47
48
49
50
//////
/////Level/////
1
/////Score/////
0
/////Lives/////
3
/////Enemies Left/////
14
/////Tank Pos/////
UP
5.0
14.0
/////Bullets/////
Empty
/////Enemies/////
Enemy0
RIGHT
7.6800000000000015
0.039999999999999876
//Bullets//
Empty
Enemy1
LEFT
5.079999999999997
1.2400000000000004
//Bullets//
Empty
Enemy2
DOWN
4.0
4.200000000000003
//Bullets//
Empty
Enemy3
DOWN
10.0
4.200000000000003
//Bullets//
Empty
/////Broken Bricks/////
0
1
2
3
4
5
6
7
8
9
10
11
12
13
14
15
16
17
18
19
20
21
22
23
24
25
26
27
28
29
30
31
32
33
34
35
36
37
38
39
40
41
42
43
44
45
46
47
48
49
50
/////Bricks/////
0
1
2
3
4
5
6
7
8
9
10
11
12
13
14
15
16
17
18
19
20
21
22
23
24
25
26
27
28
29
30
31
32
33
34
35
36
37
38
39
40
41
42
43
44
45
46
47
48
49
50
//////
/////Level/////
1
/////Score/////
0
/////Lives/////
3
/////Enemies Left/////
14
/////Tank Pos/////
UP
5.0
14.0
/////Bullets/////
Empty
/////Enemies/////
Enemy0
RIGHT
7.7200000000000015
0.039999999999999876
//Bullets//
Empty
Enemy1
LEFT
5.039999999999997
1.2400000000000004
//Bullets//
Empty
Enemy2
DOWN
4.0
4.240000000000003
//Bullets//
Empty
Enemy3
DOWN
10.0
4.240000000000003
//Bullets//
Empty
/////Broken Bricks/////
0
1
2
3
4
5
6
7
8
9
10
11
12
13
14
15
16
17
18
19
20
21
22
23
24
25
26
27
28
29
30
31
32
33
34
35
36
37
38
39
40
41
42
43
44
45
46
47
48
49
50
/////Bricks/////
0
1
2
3
4
5
6
7
8
9
10
11
12
13
14
15
16
17
18
19
20
21
22
23
24
25
26
27
28
29
30
31
32
33
34
35
36
37
38
39
40
41
42
43
44
45
46
47
48
49
50
//////
/////Level/////
1
/////Score/////
0
/////Lives/////
3
/////Enemies Left/////
14
/////Tank Pos/////
UP
5.0
14.0
/////Bullets/////
Empty
/////Enemies/////
Enemy0
RIGHT
7.760000000000002
0.039999999999999876
//Bullets//
Empty
Enemy1
LEFT
4.999999999999997
1.2400000000000004
//Bullets//
Empty
Enemy2
DOWN
4.0
4.280000000000003
//Bullets//
Empty
Enemy3
DOWN
10.0
4.280000000000003
//Bullets//
Empty
/////Broken Bricks/////
0
1
2
3
4
5
6
7
8
9
10
11
12
13
14
15
16
17
18
19
20
21
22
23
24
25
26
27
28
29
30
31
32
33
34
35
36
37
38
39
40
41
42
43
44
45
46
47
48
49
50
/////Bricks/////
0
1
2
3
4
5
6
7
8
9
10
11
12
13
14
15
16
17
18
19
20
21
22
23
24
25
26
27
28
29
30
31
32
33
34
35
36
37
38
39
40
41
42
43
44
45
46
47
48
49
50
//////
/////Level/////
1
/////Score/////
0
/////Lives/////
3
/////Enemies Left/////
14
/////Tank Pos/////
UP
5.0
14.0
/////Bullets/////
Empty
/////Enemies/////
Enemy0
RIGHT
7.800000000000002
0.039999999999999876
//Bullets//
Empty
Enemy1
LEFT
4.959999999999997
1.2400000000000004
//Bullets//
Empty
Enemy2
DOWN
4.0
4.320000000000003
//Bullets//
Empty
Enemy3
DOWN
10.0
4.320000000000003
//Bullets//
Empty
/////Broken Bricks/////
0
1
2
3
4
5
6
7
8
9
10
11
12
13
14
15
16
17
18
19
20
21
22
23
24
25
26
27
28
29
30
31
32
33
34
35
36
37
38
39
40
41
42
43
44
45
46
47
48
49
50
/////Bricks/////
0
1
2
3
4
5
6
7
8
9
10
11
12
13
14
15
16
17
18
19
20
21
22
23
24
25
26
27
28
29
30
31
32
33
34
35
36
37
38
39
40
41
42
43
44
45
46
47
48
49
50
//////
/////Level/////
1
/////Score/////
0
/////Lives/////
3
/////Enemies Left/////
14
/////Tank Pos/////
UP
5.0
14.0
/////Bullets/////
Empty
/////Enemies/////
Enemy0
RIGHT
7.840000000000002
0.039999999999999876
//Bullets//
Empty
Enemy1
LEFT
4.919999999999997
1.2400000000000004
//Bullets//
Empty
Enemy2
DOWN
4.0
4.360000000000003
//Bullets//
Empty
Enemy3
DOWN
10.0
4.360000000000003
//Bullets//
Empty
/////Broken Bricks/////
0
1
2
3
4
5
6
7
8
9
10
11
12
13
14
15
16
17
18
19
20
21
22
23
24
25
26
27
28
29
30
31
32
33
34
35
36
37
38
39
40
41
42
43
44
45
46
47
48
49
50
/////Bricks/////
0
1
2
3
4
5
6
7
8
9
10
11
12
13
14
15
16
17
18
19
20
21
22
23
24
25
26
27
28
29
30
31
32
33
34
35
36
37
38
39
40
41
42
43
44
45
46
47
48
49
50
//////
/////Level/////
1
/////Score/////
0
/////Lives/////
3
/////Enemies Left/////
14
/////Tank Pos/////
UP
5.0
14.0
/////Bullets/////
Empty
/////Enemies/////
Enemy0
RIGHT
7.880000000000002
0.039999999999999876
//Bullets//
Empty
Enemy1
LEFT
4.879999999999997
1.2400000000000004
//Bullets//
Empty
Enemy2
DOWN
4.0
4.400000000000003
//Bullets//
Empty
Enemy3
DOWN
10.0
4.400000000000003
//Bullets//
Empty
/////Broken Bricks/////
0
1
2
3
4
5
6
7
8
9
10
11
12
13
14
15
16
17
18
19
20
21
22
23
24
25
26
27
28
29
30
31
32
33
34
35
36
37
38
39
40
41
42
43
44
45
46
47
48
49
50
/////Bricks/////
0
1
2
3
4
5
6
7
8
9
10
11
12
13
14
15
16
17
18
19
20
21
22
23
24
25
26
27
28
29
30
31
32
33
34
35
36
37
38
39
40
41
42
43
44
45
46
47
48
49
50
//////
/////Level/////
1
/////Score/////
0
/////Lives/////
3
/////Enemies Left/////
14
/////Tank Pos/////
UP
5.0
14.0
/////Bullets/////
Empty
/////Enemies/////
Enemy0
RIGHT
7.920000000000002
0.039999999999999876
//Bullets//
Empty
Enemy1
LEFT
4.839999999999997
1.2400000000000004
//Bullets//
Empty
Enemy2
DOWN
4.0
4.440000000000003
//Bullets//
Empty
Enemy3
DOWN
10.0
4.440000000000003
//Bullets//
Empty
/////Broken Bricks/////
0
1
2
3
4
5
6
7
8
9
10
11
12
13
14
15
16
17
18
19
20
21
22
23
24
25
26
27
28
29
30
31
32
33
34
35
36
37
38
39
40
41
42
43
44
45
46
47
48
49
50
/////Bricks/////
0
1
2
3
4
5
6
7
8
9
10
11
12
13
14
15
16
17
18
19
20
21
22
23
24
25
26
27
28
29
30
31
32
33
34
35
36
37
38
39
40
41
42
43
44
45
46
47
48
49
50
//////
/////Level/////
1
/////Score/////
0
/////Lives/////
3
/////Enemies Left/////
14
/////Tank Pos/////
UP
5.0
14.0
/////Bullets/////
Empty
/////Enemies/////
Enemy0
RIGHT
7.960000000000002
0.039999999999999876
//Bullets//
Empty
Enemy1
LEFT
4.799999999999997
1.2400000000000004
//Bullets//
Empty
Enemy2
DOWN
4.0
4.480000000000003
//Bullets//
Empty
Enemy3
DOWN
10.0
4.480000000000003
//Bullets//
Empty
/////Broken Bricks/////
0
1
2
3
4
5
6
7
8
9
10
11
12
13
14
15
16
17
18
19
20
21
22
23
24
25
26
27
28
29
30
31
32
33
34
35
36
37
38
39
40
41
42
43
44
45
46
47
48
49
50
/////Bricks/////
0
1
2
3
4
5
6
7
8
9
10
11
12
13
14
15
16
17
18
19
20
21
22
23
24
25
26
27
28
29
30
31
32
33
34
35
36
37
38
39
40
41
42
43
44
45
46
47
48
49
50
//////
/////Level/////
1
/////Score/////
0
/////Lives/////
3
/////Enemies Left/////
14
/////Tank Pos/////
UP
5.0
14.0
/////Bullets/////
Empty
/////Enemies/////
Enemy0
RIGHT
8.000000000000002
0.039999999999999876
//Bullets//
Empty
Enemy1
LEFT
4.759999999999997
1.2400000000000004
//Bullets//
Empty
Enemy2
DOWN
4.0
4.520000000000003
//Bullets//
Empty
Enemy3
DOWN
10.0
4.520000000000003
//Bullets//
Empty
/////Broken Bricks/////
0
1
2
3
4
5
6
7
8
9
10
11
12
13
14
15
16
17
18
19
20
21
22
23
24
25
26
27
28
29
30
31
32
33
34
35
36
37
38
39
40
41
42
43
44
45
46
47
48
49
50
/////Bricks/////
0
1
2
3
4
5
6
7
8
9
10
11
12
13
14
15
16
17
18
19
20
21
22
23
24
25
26
27
28
29
30
31
32
33
34
35
36
37
38
39
40
41
42
43
44
45
46
47
48
49
50
//////
/////Level/////
1
/////Score/////
0
/////Lives/////
3
/////Enemies Left/////
14
/////Tank Pos/////
UP
5.0
14.0
/////Bullets/////
Empty
/////Enemies/////
Enemy0
RIGHT
8.040000000000001
0.039999999999999876
//Bullets//
Empty
Enemy1
LEFT
4.719999999999997
1.2400000000000004
//Bullets//
Empty
Enemy2
DOWN
4.0
4.560000000000003
//Bullets//
Empty
Enemy3
DOWN
10.0
4.560000000000003
//Bullets//
Empty
/////Broken Bricks/////
0
1
2
3
4
5
6
7
8
9
10
11
12
13
14
15
16
17
18
19
20
21
22
23
24
25
26
27
28
29
30
31
32
33
34
35
36
37
38
39
40
41
42
43
44
45
46
47
48
49
50
/////Bricks/////
0
1
2
3
4
5
6
7
8
9
10
11
12
13
14
15
16
17
18
19
20
21
22
23
24
25
26
27
28
29
30
31
32
33
34
35
36
37
38
39
40
41
42
43
44
45
46
47
48
49
50
//////
/////Level/////
1
/////Score/////
0
/////Lives/////
3
/////Enemies Left/////
14
/////Tank Pos/////
UP
5.0
14.0
/////Bullets/////
Empty
/////Enemies/////
Enemy0
RIGHT
8.08
0.039999999999999876
//Bullets//
Empty
Enemy1
LEFT
4.679999999999997
1.2400000000000004
//Bullets//
Empty
Enemy2
DOWN
4.0
4.600000000000003
//Bullets//
Empty
Enemy3
DOWN
10.0
4.600000000000003
//Bullets//
Empty
/////Broken Bricks/////
0
1
2
3
4
5
6
7
8
9
10
11
12
13
14
15
16
17
18
19
20
21
22
23
24
25
26
27
28
29
30
31
32
33
34
35
36
37
38
39
40
41
42
43
44
45
46
47
48
49
50
/////Bricks/